Name,Riskiness R
PZA,[0.01745708]
MUB,[0.01977233]
MUNI,[0.02219018]
TFI,[0.02766627]
ITM,[0.03034433]
