CGW,CHII,EXI,FIDU,FIW,FXR,IEV,ITA,IYJ,IYT,PHO,PIO,PPA,PSCI,RGI,SEA,SIJ,UXI,VIS,XAR,XLI,XTN,_PRN
0.008394212560621596,-0.010309120892016448,0.0016943554192955224,-0.0007330819825123548,0.005979061288591362,0.00349154247812642,0.0033883304988588203,0.008842246180836141,-0.0015872847680535461,-0.006653046071135415,0.013112168366205393,0.006102825864246036,0.003824109084332564,0.01057735208301908,0.0,0.028504994780685182,-0.0007546356925245897,0.003009717519427941,-0.0013028138415051645,0.00851305201811773,-0.002118357484818821,-0.004174001604903775,0.007509342185798588
-0.031849435063819445,0.01475670073111092,-0.035381965283845226,-0.03851799706946521,-0.031500893785425685,-0.036186530565356985,-0.02680448966162973,-0.02804703745891184,-0.03795724635293452,-0.021372948019111392,-0.03768554714769747,-0.032495938252121534,-0.023174570783492467,-0.027475169680072967,-0.03947207113237287,-0.026351728151496046,0.07760574921980558,-0.07250022567347263,-0.03753136094460488,-0.025716568543604462,-0.03878795810641871,-0.022515099742906552,-0.03540378299953968
-0.0018691010609484023,-0.050470366308566654,-0.007891311570903496,0.0,-0.009205340683815623,0.0007219681226657902,-0.018217267763812047,-0.0010441346217974195,0.001239417075810926,0.002845454907270905,0.005933423257298408,-0.0031346987984039853,0.007799736967379539,-0.01883412969652707,0.004707327714352316,-0.02146531494960327,-0.009987777934412984,-0.006157451946425483,0.000729805606845927,-0.005138088478576911,0.004416567844297102,-0.003920470592259084,-0.011590314659625213
0.02434451079410773,0.027026911413492567,0.015466393462076115,0.003052288684872616,0.002787392059159835,-0.003246625282169616,0.02628677144611425,-0.004086028551276891,0.005673574125457333,-0.006517908515607789,0.007864715135101355,0.01617278164430326,0.006127063759870213,-0.014625081602670394,0.007344343849114931,0.025274446055822433,-0.003539869244335685,0.01333621543535512,0.004063618042921186,-0.0035441215972768867,0.00879482860610069,-0.01020919450950511,-0.002823131143741855
0.02559407757634489,0.02982455987408517,0.01581073531721723,0.023202618497941214,0.03489796842807544,0.02424893711592293,0.027765665500556792,0.028814309112481142,0.020617573047018462,0.010882902617525841,0.02809215068940031,0.029619708529608,0.02307689235938716,0.024814578698901763,0.017473751892374753,0.01906940298922054,-0.02877436357357309,0.041139802067280365,0.020545535334174803,0.02764222241642733,0.017832231012679146,0.012675506510380104,0.01807492182346351
0.006417140264765927,-0.015332152588812181,0.0001426776908940444,0.0007436825628527894,0.002089190507253669,0.01236767701472124,0.0069110349696151424,0.00825361743477625,0.00030153005449719207,0.0009161512983418519,0.0037949632731608296,0.015027806803267194,0.013157938260546228,0.0049784241602315316,0.008153831466367787,-0.0059329836655107136,-0.026700854766950444,0.005474203984864393,0.001728539523016474,0.016613869505738815,0.000389333041086402,0.014602832976542628,0.007914585237680249
0.025150647211216938,0.006920437039812824,0.014848720038986657,0.013744418577978607,0.020547774069158985,0.018499132203997088,0.009359555541717121,0.008462142047830001,0.01446804228314019,0.004958621165470432,0.013610659703251891,0.023688650055099302,0.00896734814276955,0.024093682556253267,0.009804060208520584,0.017447019504757525,-0.017286707245816532,0.020194012600443498,0.014007266416089964,0.0019455970765034445,0.013037613377819885,0.007861790719466227,0.02207125385384149
0.014858350622387209,0.0017181235711357422,0.007034475808335165,0.01685587122460138,0.017507900118781186,0.016106759130675163,-0.0018546437619665905,0.019336142901878028,0.015549260853684087,0.03491686046236995,0.010070817635709809,0.011983458195154187,0.01685538597921066,0.025065812398792426,0.019417460790178642,0.0018049156135894566,-0.03824093636975685,0.02852720260553185,0.01911924159448666,0.020970689165372862,0.01805607996058578,0.04488176838442473,0.019933435695076426
-0.026557811398154257,-0.0617495806051597,-0.03338948492925839,-0.031711708049960215,-0.02638380731735554,-0.02765600529257611,-0.03468212627442165,-0.032301429197400346,-0.03189036735718626,-0.016282435538044274,-0.0254800354679844,-0.026541287195021468,-0.03254962592094144,-0.026597775102053696,-0.028690706036632718,-0.02702706180027788,0.06500995269754042,-0.06339617693832439,-0.031234691475142188,-0.030334465052552332,-0.03113195524796505,-0.016308660304724974,-0.035423224390254124
-0.0010493543299523991,0.05301672555967184,0.008093767053088738,0.009304062419354523,0.007953028693877021,0.01664938806688469,0.004918799881602477,0.0028663771769782192,0.013398041974244898,0.0043246728520843145,0.0068208603732800785,0.004194698778326054,0.005296026361916087,0.015204734407220118,0.007476724026247945,0.00324077808486998,-0.030987424668914607,0.031224688096955205,0.011659675352460418,0.004314969013501666,0.005842355826800642,0.0012843329452743323,0.01667346719602125
0.005952434487876189,0.015624854720559866,0.012759873039950034,-0.00019759123979835736,-0.014611174706042937,-0.009894209595860366,0.02042985937809517,-0.010510738438895256,-0.010835118493758691,-0.011210427300157295,-0.014301771593395334,0.006265383684456308,-0.010535990699095528,-0.029833924242968293,-0.0013348821715229527,0.004614650639558602,0.0038527947307965276,-0.01738602318471997,-0.004409668667400433,-0.022437572142268623,0.00590213122144756,-0.017880252268536144,-0.02570659567448977
0.007309495762581919,0.03076913784142238,0.010475514533137834,0.014073914942335054,0.015637577591997125,0.01779902547449207,0.007716376867004927,0.00969653313992445,0.015554159492990056,0.019409375823823263,0.017563609602710657,0.0058116264463391,0.007203092936264119,0.013661825616027138,0.014167012775244653,0.018075567059482392,-0.01899830221533136,0.028977255511275408,0.013891732103256164,0.008806326033731503,0.015658312954849988,0.024149468922962998,0.0008523698066916611
-0.014512871705212416,-0.0124376676795616,-0.023956252648346783,-0.031044487053132,-0.03127745885768722,-0.03526618494125645,-0.012624191044771546,-0.037448033686711665,-0.029920511437935986,-0.02857805064707772,-0.030018453236638782,-0.020635557632802167,-0.035136731616994564,-0.034025608648329764,-0.029262813471493662,-0.024423345089079004,0.06768393426890508,-0.051811006393711126,-0.030877610911704156,-0.04305139139299593,-0.031214269042912607,-0.031014041663296656,-0.05046850323433676
0.015077240214574334,-0.015953029498511018,0.0265539877398491,0.0350546561629689,0.018708784402339928,0.03374332952841681,0.01739688263079576,0.04601348853264736,0.03463478434874172,0.03778037874828403,0.02166334439979481,0.016435038105597183,0.04253942875412305,0.03156446572279637,0.032874388854451035,0.017617108334306054,-0.07218761701174815,0.06465110458307828,0.03565202101660662,0.05131132877971468,0.03634577438588783,0.03692169560113543,0.033864139392739086
-0.008290291129401441,-0.012798674606040792,-0.004054998316854943,-0.004369964607878209,-0.011848840106388106,-0.007140414265046063,0.0020598703865841216,-0.015703923290830788,-0.008121246806610177,-0.006812032216658309,-0.016660315048052862,-0.015340299244794103,-0.014837877062942519,-0.014412489081578625,-0.008287535168688952,-0.020501193387834845,0.019154811219363875,-0.025997728563316527,-0.0052429373857633965,-0.016860652678621614,-0.004549896731996923,-0.0013875522952087407,-0.001952322735158837
0.010449379036298315,-0.020743271533540844,0.008002513255958086,0.007681063720887572,0.006295224463705762,0.01335612245801922,0.01850350294545221,0.01782045799247344,0.008687116695600267,0.015045077945203225,-0.003080559574084089,0.0075792804469937795,0.009727207630004444,0.0020247514465024275,0.009446527190942106,0.019535057157771124,-0.008719285750806747,0.024327611938970633,0.00775657876702247,0.011734145488617013,0.005903751928583967,0.01447115529265938,0.005868447494173095
-0.006894187332794614,-0.03353928339747614,-0.0018107379948715614,-0.0007259216776312902,-0.009829870707982571,-0.0027035455962154424,-0.002220285206689351,0.004766864339578352,-0.0008909071841823148,0.003923676191142485,0.0,-0.012536767563267472,0.005593544943025654,-0.012123843992344705,0.001079819800313214,-0.007299347704664697,-0.0015635531763644847,-0.014807309984633109,-0.0005921442428495474,0.0011893235336377995,0.003597063857684503,-0.01152583584606865,-0.016638030117767457
0.0031239098156852245,0.0264838993700162,0.0005580159470799399,-0.0018163011430232454,-0.008724317874307835,-0.0067775208598814685,0.00202278174916607,-0.017151559818685245,0.0,0.017225195659169086,-0.0038625092690077775,0.010580058282737208,-0.013597137510677893,-0.013181954096206865,0.0017978055051789679,0.012867680758094824,-0.0009790959901766877,0.012492435992939626,-9.869130168238378e-05,-0.019900872715797158,0.0015094304307633432,0.016624586731640304,-0.00725104432450245
0.014186927208269829,-0.01512440770923334,0.009203798149020129,0.01018930908760989,0.01972628901020334,0.01364721919765906,0.0,0.006683128142333094,0.009610502832481143,0.018071925968962958,0.012020171090906345,0.018006634278907457,0.008458445412674669,0.020036974950118858,0.013159247471352584,0.026769285375129882,-0.014697143990847743,0.009736051837517785,0.010763493047914914,0.0034346369532766924,0.008664193814797294,0.025436687053195187,0.016600293502160732
0.0075058947876938484,0.014453422811320662,0.010639877704263546,0.00972614207174554,0.002678801215179705,0.011444001821775436,0.009085460306325184,0.013554488965680123,0.009519177878541618,0.015514600743144603,-0.0015325883761970387,0.0049361166189871965,0.011805155935237491,0.003612472777205952,0.009328221163173969,0.00265158413408357,-0.02247413566145819,0.022243362699204804,0.009476150660250858,0.01127545714387945,0.009337185243974174,0.017829793314592,0.01175706949260055
0.018625180725834908,0.022261770471479703,0.02105547203062391,0.02211918541153424,0.028495132911987023,0.02895184485411552,0.01100436551635907,0.03029491302351732,0.021969339492777826,0.014589807609447256,0.024175002779491743,0.015145379209304881,0.02793976719880932,0.032396046527240284,0.023631436616068358,0.02203625295281,-0.046592072396036785,0.043705684855067616,0.023904066918444253,0.03484332575179562,0.023311757728438017,0.028941493109431136,0.03141796542653106
-0.001329760608569058,0.007839746139355055,-0.015934855001990145,-0.013263643462183485,0.0037516844917817368,-0.016817641645508027,-0.01048867337804304,-0.019955921233914882,-0.010177897928813805,-0.020620001583345884,0.0007493931914043678,0.002016010065103445,-0.01702489151201734,-0.011985159899675623,-0.01200009719722442,-0.004743603097577929,0.01387106078599776,-0.014405826858785747,-0.015689923312361874,-0.0150071048895398,-0.014644889889741724,-0.02664701646813664,-0.0121011418106449
0.01065243174374234,0.002592920871724539,0.015512625706775246,0.00990457164369186,0.015526178732086175,0.011842086962488644,0.008200018708338714,0.003604016964845657,0.010666914305544018,0.020292403185543918,0.013103734534189235,0.008853150796495103,0.0021267149021057656,0.002425999251524841,0.013880859986805482,-0.0043327670601511015,-0.015154703447620824,0.01625033986453056,0.015075770523181563,-0.004199708770833164,0.009541356453668827,0.015969613508564656,0.01752921438532842
-0.006917019598852331,-0.0008619764801792564,-0.02277928585012595,-0.00910716741698702,-0.016987436809415186,-0.010077917014559729,-0.036897531746519684,-0.02567553134557653,-0.013121364938952385,-0.004683811969094853,-0.01234861763311848,-0.012344650956256382,-0.01448794443320191,-0.004106513166939611,-0.0076018375372453265,-0.004351565262122212,0.017952707178420974,-0.021707769205622448,-0.01182474177238848,-0.01419140609393331,-0.008771714790712475,0.0005015579086735012,-0.0023008662079553872
0.005306874501758768,0.005176797125574704,0.02131051983200693,0.011710689646622821,0.0035765239220747758,0.014858825903562184,0.043342639016852286,0.005424502109094907,0.01269047451920807,0.01593293886600601,0.0015016129786410534,0.0073319212255440825,0.004315603420582129,0.02635651559442625,0.009339329442005656,0.0166190203990784,-0.020155493990361803,0.028206367270133325,0.009764651572834852,0.0033047778404403623,0.008472752486393736,0.014669614034679137,0.012911339946569449
-0.02243489462185969,0.03519305355809596,-0.018206537006483173,-0.01613505307318057,-0.03137607208930871,-0.023693687948414685,-0.03365781240775065,-0.012539221261461495,-0.015742915120769148,-0.005245504167821286,-0.02773615653033708,-0.02547498708427306,-0.012584278923305228,-0.04100110470577457,-0.018848617333069227,-0.03347846425342081,0.03064072170380488,-0.03173237794741215,-0.015832510612615345,-0.017566855247951346,-0.012420060364060438,-0.01414107600010946,-0.02713808556839493
0.0040499052145918975,0.014096230911849968,0.004013319782365425,0.00249557045071698,-0.002674464051970637,0.010305900321536134,0.002937537546339128,0.005135301614645773,0.003974160196127514,0.014670078472964703,-0.002698340951817587,0.0037344118078173295,0.010879739119237165,0.0002249700887535128,0.006636620745255917,0.0004496501053896668,-0.003742302697408751,0.007272689137595548,0.003564129222172933,0.0052829481908567965,0.003144110433522755,0.009955003304206431,0.002324460764096374
-0.008403395615830245,0.017171035803230827,-0.0033081090500164238,-0.009957277520563513,-0.011919281480833198,-0.0016451824894589946,-0.0006276639423818317,-0.021086833094371957,-0.007241473536066856,0.004530649393592884,-0.0030926137242758816,0.0012400551828520444,-0.01353014721927882,-0.01754791854541781,-0.001041056309051694,-0.005395621932970649,0.0020868387281064377,-0.01544496290462774,-0.009310848671708392,-0.02071745841737572,-0.008296355537515869,-0.0003177388920937853,-0.005270802032341129
-0.043050822952628284,-0.003215710084566973,-0.03471163411894787,-0.03663801427209487,-0.03980688116609898,-0.033619029441174834,-0.033912314926382615,-0.019453250892619692,-0.033553864905919745,-0.035152915299957656,-0.041100960141040935,-0.04211396841164273,-0.02867843436989194,-0.037325372734624884,-0.037513001867443996,-0.026672461000135136,0.07142858191158663,-0.07286750563675512,-0.03672127669895335,-0.00918449224597423,-0.037367688184688184,-0.03975832375919342,-0.05044522061586159
0.0017712655930013433,0.04032271350489424,-0.0021490383907780465,0.009321710752618487,0.015389468435421709,0.001364360867832713,-0.011484330200356323,0.006290315455690603,0.008050877916660234,-0.0037120732903405626,0.016578749556637275,0.003017254956918941,0.003209312016968426,0.015461565378897915,0.009021991419808759,-0.0032516110089611987,-0.007385798501784824,0.01962359638821832,0.008348639605612915,0.007707330808109573,0.007531805012354362,-0.000993709948235283,0.02098212175172392
0.015204960854733782,0.009302355043821814,0.01450114781035497,0.015145662528006852,0.016393568263398654,0.017370611882673453,0.010083292184543749,0.016541697733342662,0.013177708696308136,0.022148811640793745,0.013126489850679428,0.015040846796598409,0.015355140919438159,0.01147795065596687,0.01347146880937733,0.04333664842619612,-0.02545517615589874,0.020522509583930797,0.015062336512528652,0.018294295729485547,0.013801132961181756,0.024425259444629352,0.0172714930324577
0.0114944235421585,-0.0184331527558387,0.01613370581896086,0.02219797874220748,0.01491154434112555,0.02644772441104996,0.005859415853824441,0.02904441329098848,0.02187394187383031,0.01991340191903285,0.014134200705521347,0.010584207690827714,0.026779999992031504,0.022232455032174685,0.025055783616470418,0.01429215814287779,-0.05967459182173649,0.05080323128176363,0.023682830308514997,0.03308998446581424,0.02382311222458667,0.025892746318064302,0.02664967254528848
0.0013773827830087012,-0.011737039306583394,-0.001671511851118852,-0.0017797960181280036,0.012593996526336616,0.0006525008060403049,0.009708716190272158,-0.0009192472010183834,-0.0007712475281121398,-0.0019196207930207887,0.010065889913719915,0.006284022238380078,0.0009205735099563551,-0.002945099871499396,-0.0008028784876790492,0.003522636262344169,0.014957310004976266,-0.005677160263595946,-0.002111669204477375,-0.0017686013214561875,-0.002400651242402346,-0.009464641543055834,-0.0004187938314176388
0.0017193414676353596,0.033254083668795786,0.005859433857494876,0.0046361937963240105,0.0008882995613208381,0.0029334780874162715,0.005555579053432504,0.0037729969091024203,0.005210714282292091,0.02307736541851722,-0.0003831994781024675,0.005828591338310657,0.003678810416416078,0.011588216682042369,0.005512632238081865,-0.007459199128214331,-0.022736871422058325,0.01003785000708351,0.004809879874652536,0.009252018105819722,0.005738550207794359,0.02155212556259196,0.0020941831673581593
-0.02059736029646993,-0.02068963533133187,-0.013176059131442524,-0.007809742540816948,-0.01656816371159853,-0.0064999303379328615,-0.01487470908465571,0.00586703973438431,-0.007583648586685847,-0.00499108221435266,-0.020705488303720147,-0.017384050331912183,0.0015271522651438814,-0.008984661332852417,-0.009023440854451208,-0.014588956131277678,0.017880195218117772,-0.01504385123678452,-0.007467545361612195,0.007314265157756071,-0.006258046173131365,-0.0011431838839045135,-0.01421108717692992
0.0010514845452269065,-0.0046948502842519705,0.008011130933492566,0.007155582472613512,-0.004813480927910071,0.0006542523608228665,0.004529779934567828,0.009296500155116457,0.0070613358592298186,0.008468329866670026,-0.008222525162956322,-0.010109653550173913,0.006709031127485042,-0.009972759608129898,0.0068001961260605185,-0.008524146193522542,-0.011428554869445277,0.016939512017279175,0.008102564810462422,0.00019369989702393048,0.008149565997649775,0.0034334119705274873,0.001696050595954556
-0.026610611184961618,-0.007861572977836363,-0.017289633542444026,-0.01975561932620551,-0.028113809887848184,-0.029421327988517706,-0.024049901728753733,-0.021401770730167843,-0.022956677047677496,-0.020282867687872397,-0.015067968951365682,-0.020713936688345855,-0.016956772777374042,-0.02769271390333709,-0.0181260913798799,-0.05972816396807878,0.052023152908495435,-0.04878909193091032,-0.02229443673002933,-0.01989254881056954,-0.015951121872862274,-0.023162034807704,-0.017318367405718498
-0.028417190067619075,-0.041996871542949545,-0.02028936347081834,-0.014176437832141729,-0.015457133404233209,-0.018013787412016372,-0.035863509611444376,-0.017823499225588655,-0.00965794047573875,3.2007498242709745e-05,-0.01645260848679039,-0.025239168861444453,-0.01298295779759286,-0.019797173723894168,-0.009121610080475394,-0.020390938174333732,0.013023941186164012,-0.02375966516855948,-0.014288543314692488,-0.021562878204560862,-0.009566468362710013,-0.0108455998852931,-0.02628169103341073
-0.026656825813252356,0.03970217387134686,-0.04706724998971763,-0.048672609919315137,-0.031645622895760735,-0.062156539593428574,-0.037654197536289014,-0.035313978762103806,-0.04826843237567552,-0.0693527116112376,-0.031007891832034087,-0.02857128881596161,-0.03695600567172056,-0.03823044791939581,-0.048506871220520935,-0.07768413965277741,0.08818808594683808,-0.09028539863789986,-0.04984119361525982,-0.03154072340200092,-0.04696977360112593,-0.07459957424598189,-0.06924784595082094
0.01863832893284706,-0.015115401819990425,0.011094279155094068,0.02364329513885818,0.02745107005732249,0.017576156856232476,0.0011859828498153855,0.01698562425246636,0.020914188499083487,0.03534447450428143,0.01978950526795986,0.015165316691205206,0.022113759641157943,0.035000011134789864,0.017489063504458856,0.022532044292470254,-0.042274254943333686,0.047737206399318236,0.0237201438488671,0.013152528811156474,0.023052397137644905,0.03403405128203165,0.02638466193950825
0.03846148037718107,0.016962986959932917,0.039530906361607394,0.04013630262291418,0.03307888367396681,0.0460594583738708,0.026764301378711525,0.029276204312092793,0.04168790218469421,0.05182315808473086,0.030553439702402686,0.02806685925281282,0.031180409452057224,0.032850394610146334,0.04242360408085618,0.04092360047793177,-0.07498070354036032,0.08114767788847001,0.044094891119149764,0.0298784141952452,0.043317879166375035,0.058189334413396465,0.043075384317655264
0.015102414512291325,0.030976885522383157,0.03123194094733615,0.029850746268656823,0.03940867956861712,0.034399609399048806,0.017070494524984183,0.037023092547018965,0.03018700544487118,0.02124597626454629,0.03525635398310068,0.026420278011646925,0.03764299007503498,0.0491111572433048,0.028651753104269193,0.02066485630531849,-0.05855398085473565,0.05203596053727121,0.030305960811596432,0.040716084797544606,0.02792765449774074,0.04193203203791455,0.03996450373490917
0.00318809221345125,0.014637950544001594,0.0002804427184924596,0.013785953731894928,0.0047394604304227365,0.015297797713683566,-0.012247633257858815,-0.0014387570620160944,0.012980426977441362,0.023101631249295547,0.012770823786287864,0.004289990096126227,0.0,0.004458326049562105,0.017962500309756487,-0.029135516740040945,-0.022576291380985592,0.03689269905971716,0.015276656848750332,-0.0012494907921449788,0.01630144594097559,0.03321435350966561,0.004056348554460753
0.0017656365807664173,0.02581624529470182,0.0033643389510650827,0.002092057253062207,-0.007075564316134445,0.00032760011668628856,0.0029851259691961968,0.005133299227724688,0.003203849769565203,0.013909837713177107,-0.008024331476157935,0.0,0.005946851055443054,0.003994566607855164,0.0006700939736599943,-0.01831123196122084,-0.019474749939765897,0.004099012181698362,0.0025234603880847357,0.005774813090584537,0.0035644619469786796,0.008085973465142728,0.004678016545310007
0.011631984277291087,0.002220584247093077,0.010617451330469676,0.012874098985409404,0.00593835129615894,0.010150651782883192,0.020375522069823748,0.0126331582437253,0.01437013522794952,0.0039369809633217475,0.010785826831018685,0.015378129231250778,0.014188627186176559,-0.003315504037320465,0.011495580727785832,0.009844537705234314,-0.029561133542841525,0.02136529734613335,0.012958110423520582,0.01464125034338598,0.0154500733213153,0.008510171233944912,0.01079332431846755
-0.0020907027956765193,0.005169801528097074,-0.000691273079618619,-0.007214114187494658,-0.005903295453948377,-0.003889853554805245,0.00919861674533929,0.009998256930063657,-0.006203386554311817,0.013113616678951659,-0.016006003886502695,-0.015986662647285373,0.009035064206307336,0.0035483250212884994,-0.0030894760215754513,-0.02514109073548811,-0.00285576277545935,-0.006207612682511334,-0.003221371816270931,0.013486634224713096,-0.004721870887022938,0.03452978270068217,-0.01444712089070268
-0.004888208936277978,-0.006612724506917804,-0.0002767987210801454,0.004152188182673737,-0.0005938627868738173,0.0013016699793616398,-0.0017784320018241898,0.004380376583034922,0.0035403324844080772,-0.004596722795198172,0.0007744436675610522,-0.007268062380476519,0.0069326710807397635,0.008618771590306315,0.00531262087932882,-0.013157995997251658,0.013365084422479329,0.006759742646409484,0.005170683687135289,0.003163990074587505,0.0061499531799717394,0.0060005504418539106,0.007010845147590316
-0.028771891848605145,-0.0014792945320171338,-0.04081896876498825,-0.042729163259700935,-0.04545453147793315,-0.05264873258044488,-0.05412025007783933,-0.04718723199654375,-0.043449993618072884,-0.033177674102902656,-0.04527865196824904,-0.03703709981733585,-0.04475076926860278,-0.04491682937763769,-0.04348771597025638,-0.05333327456276397,0.03862474356346949,-0.06646277910628355,-0.043171199042759865,-0.05102040356438213,-0.042612576424649225,-0.03616048742181073,-0.046624400329178015
0.036488439320624726,0.017036926400602222,0.02308131837026808,0.032757506294668635,0.03018996252882555,0.039108268256277945,0.01813055946600261,0.04265843452621017,0.041541168892942085,0.014832572531156038,0.032022749082055484,0.029516995697108226,0.04114111366621312,0.02959426055255265,0.037868143964103804,0.056337962589876577,-0.03922909758930269,0.04706841383612705,0.021023418759036627,0.04535675204270319,0.032287563273752116,0.022916197400862426,0.042265798772260256
-0.004531276264334105,-0.003641591886920201,0.022960548279905908,0.022558735685180888,0.028096700892513662,0.01287544911815738,0.015229613636449956,0.023265943154957256,0.009318901070198778,0.02210954344288993,0.02434569737152317,0.020397855454847142,0.020055921374691383,0.04242170734947976,0.02065201013614629,-0.008000008137463523,-0.034930365125941026,0.03808377268954556,0.03329030212861909,0.03214462085845743,0.020001628560294502,0.028970115433792024,0.02347262644133646
-0.003836709890378153,0.07163732954145058,-0.0219262786224352,-0.0181507936783846,-0.014237961351797663,-0.00719405077886908,-0.02958046539598108,-0.015613486134017309,-0.012504033164187809,-0.008811879172109014,-0.0115208529380948,-0.02221278241490706,-0.01784213584818536,-0.03068663161465106,-0.013975605980133277,0.009906801296662179,0.033504446379341336,-0.032279861072890145,-0.014054559438420898,-0.018510109292451477,-0.015505188366608804,-0.004608346152058348,-0.019330718179028976
-0.014663834938074818,-0.02297279168740889,-0.01986360127313469,-0.01918359389154652,-0.028366935019202236,-0.02772263117672833,-0.02268426205742767,0.00026206290171636425,-0.01503508766636736,-0.02687801202219571,-0.023698626918114123,-0.004805441541683621,-0.0025953183731583567,-0.017932199651667268,-0.02059561593410206,-0.002688722284946849,0.034311438416735285,-0.02261471397200296,-0.02213257268163037,-0.0015716824567734789,-0.01928868851178112,-0.0376852006374978,-0.012293500859056209
0.0061706543056805185,-0.00281287619790665,-0.005645608662978747,-0.014580455514998012,-0.02858025263327165,-0.01866937264420324,0.02272714870815785,-0.009344133148063129,-0.013737685091230484,-0.01088438729143123,-0.02546747000978794,-0.008340878140115828,-0.010696552912447862,-0.018259797879060548,-0.022272374432444498,-0.009703242291655523,0.035460961379850164,-0.05846781497560163,-0.014385784854811632,-0.012777706170466956,-0.012450428098262998,-0.014721377291419162,-0.011158597119930459
0.004328972287121342,-0.007052181597870217,0.02635025393368104,0.020570197004930898,0.005694472729103272,0.03320649659900874,0.013002540844778422,0.02979536328400484,0.019539646395056964,0.02531611045787275,0.01020815758846129,-0.00044255753388724864,0.02425461820927393,0.026176696700507072,0.023589173163994292,0.0038104645150750134,-0.051922184702322426,0.05945229968760146,0.024812779334395026,0.03432743007718051,0.02302221100739095,0.0321288921946387,0.014756797939550224
-0.008979815662338412,-0.04119334174338467,-0.019007167208767776,-0.02369171964053788,-0.017930197821788417,-0.023434922516141047,-0.002800502908295737,-0.02062991422944397,-0.02314997302654068,-0.03703654768319462,-0.013338677989884615,-0.006200098091258257,-0.023109679709617588,-0.027522698140017118,-0.023723496066042016,-0.02548832585599128,0.04521089174149075,-0.02417721697924867,-0.02516140502647034,-0.02566197297420626,-0.025361812695982457,-0.05080914021195785,-0.02523510014322749
0.007611367596388573,-0.030370298728283476,0.026026545034113856,0.03368353357683236,0.024023034894629747,0.04662332151428005,0.01825411582383939,0.04448908180108451,0.0363246333754996,0.032984999825810955,0.02089300560381197,0.006238779133857871,0.04731298680411428,0.04924041123249477,0.02788709171688497,0.03951074310404778,-0.07892974740242324,0.05220341186603855,0.03272620533251331,0.04746391219876419,0.02986995761727597,0.03777923753387505,0.030495675016490805
0.011510912793251029,0.03208550999337366,0.018038314053937184,0.021373486480169405,0.013450247564865065,0.017032340494181255,0.022753358119576364,0.013138024450657005,0.02296165620509104,0.011787595332484463,0.014847612686063737,0.017271939937274574,0.019520594505963173,0.021491404241509058,0.0212767821408959,0.0016055699298091154,-0.019607838358519567,0.042662158770131936,0.018202449889225245,0.01785884917996545,0.01725981859516635,0.02276443599117697,0.02682582363599233
0.012446529131418966,-0.0007402164155202358,0.02201010411544569,0.016466391202463692,0.004938205932091493,0.01900166952621304,0.018202352339532282,0.031221608848644132,0.015391791275709252,0.010971850393708116,0.003558505010073703,0.015672607554895752,0.023796591146115053,0.005796342845488353,0.018849094234813138,0.027258472069126856,-0.026666626892296718,0.03208340503875809,0.01796967661841635,0.03107552557104162,0.01731677984635066,0.014932404323521385,0.014928172295266466
-0.002809967341624087,0.03259267415990561,-0.005147012682198672,-0.006074815473233903,0.005221132531063352,-0.007901454502781452,-0.00044147101208841233,-0.012174699111338677,-0.006496654637191664,-0.010548017840719941,0.0,0.000857312811023516,-0.013625678032439768,0.009178393846041407,-0.010602536981395336,0.014047746735606808,-0.009639886853500165,-0.006863261021114209,-0.008371398648057816,-0.011683163246411384,-0.0115199607710427,-0.00323883045467113,-0.003677045818022763
-0.02500870077440866,-0.021520791257581183,-0.020558069093725543,-0.01901524781177753,-0.03330278940998767,-0.019751384308241214,-0.025391933856132188,-0.00956774462558659,-0.017164593853342524,-0.012570794228636316,-0.026792516705261223,-0.03126343369821236,-0.015438921332741681,-0.01649744199046041,-0.021213831219056952,-0.03027177486973894,0.0414959458182572,-0.03731677660365503,-0.01734262248192452,-0.015761631233645962,-0.017916246492757002,-0.013460708016874157,-0.01640359880455656
-0.009754330367026793,-0.01686223266569712,-0.003475178970350647,-0.0034613512719431925,-0.006321126883466196,0.0003249503326994213,-0.01903027624488409,8.196318886297555e-05,-0.007022759526966972,0.004555435532675421,-0.0032387450903375165,-0.0083996429740465,-0.005226765982049568,0.01096759191874697,-0.004803898732590686,-0.010053265292813394,-0.05041795600090418,-0.0029561265865015503,-0.0040151530194503775,0.00574409518913224,-0.0067302435835478605,0.014585497360320328,0.001667758933764718
0.03976636505135454,0.05592842370378665,0.02706092120748225,0.019451238592102484,0.024809111885504727,0.02696545966572016,0.04595835865754745,0.02439419717761414,0.02354354514735144,0.02099822308654421,0.03168136353947894,0.03700384084792209,0.02433645094480094,0.02701567218306028,0.02514581858036485,0.03955138446668284,0.019165776676136725,0.040996219343186834,0.024470214424278658,0.024143432586187487,0.01854497132979881,0.030791941290495863,0.024973925979483738
-0.0063157620182999795,0.02330506473431229,-0.018742333839907192,-0.02214641727813077,-0.026691449244264028,-0.021512102506957155,-0.009935943012036244,-0.014943350148998696,-0.02600221262752642,-0.05080669313288245,-0.02480314592272897,-0.006448650563705051,-0.013323406247160148,-0.017484070960741147,-0.021163970731114944,-0.015424284167506453,0.05158839810810683,-0.056387378472563476,-0.024160470318300115,-0.009270594649315058,-0.02302225741149676,-0.04414241614681542,-0.028629463617534073
0.012358858935290795,0.12422376648874398,-0.00013855685017593897,0.002798347052830855,0.021596533093683385,-0.002263218477541102,0.004014262690139063,0.005629099650858789,0.006227338709027282,-0.008257047188757319,0.0129190704412886,0.010817738650847435,0.0010958719163320695,-0.0002113215222815229,0.001571219827328101,0.019827610124279298,-0.012808065988702185,0.00921560036235767,0.0004690624639108771,0.005905849584467706,-0.002160217299173964,-0.031314760573483875,0.005434908260952157
0.016742189325693716,0.2019642433044609,0.02201010411544569,0.027205955329401045,0.0,0.016850173702920544,0.012216857888975344,0.01579464525037853,0.027638204143890475,0.018475456484945956,-0.0019930761053191955,0.02097605611187601,0.018888616047462267,0.0027487611550541394,0.015350206199813369,0.022153118696812208,-0.0518972101502737,0.061438108409495436,0.02502806267298019,0.0185501056947105,0.02778277618037884,0.007302862485465539,0.013929292691667566
0.002401332921632108,0.02145048195724397,-0.013002848394597215,-0.019354776256768576,-0.0012502065777450085,-0.010834790321447116,-0.003511127154835625,-0.0239216398487425,-0.022819932731238158,-0.014703058608716287,-0.0003992646394217308,0.015513686643470706,-0.028210701259363237,-0.012020183724244649,-0.0178769291824413,0.006048387478240353,0.04105340308501588,-0.05052538167280824,-0.018107037395791854,-0.02447795536279391,-0.020537103871930418,-0.008216483998669196,-0.02132469934835211
0.017111508689534496,0.009500033162659844,0.012488051826436378,0.005193957345517064,0.006259665077563145,0.007731965684201139,0.01871816191495186,0.005881915200468278,0.005652900685478733,0.027131844293315426,0.009188873613807479,0.016102454662657122,0.010505961500118285,0.016221967749477338,0.014606702650105788,0.01903817138065492,-0.0101686166457444,0.012771369942292924,0.007916524925023507,0.007364928232704819,0.009318982393950443,0.028557582123883287,0.01382790235579328
-0.01749649525760087,-0.012382224568399058,-0.0012198195529040114,-0.0013779479559314534,-0.00839807559304625,-0.0041560056970216044,0.0041073766246677405,-0.015999443751056382,-0.0013822188050869493,-0.015597400731164982,-0.0015835932647358273,-0.0105648354012473,-0.012858756946235143,-0.0184834435569224,-0.004097357359006183,-0.003933259592918568,0.02280125510810968,-0.003362968894489827,-0.002587255236574516,-0.015302191606099072,0.00017763887886428642,-0.017246484732002375,-0.016532350765929002
0.014726006508692371,-0.06268815614632467,0.0055637876135984895,0.004139399514692593,-0.0015684495893769199,-0.000320986274929533,0.010549060105107724,0.0048696312869156546,0.004244763676995614,0.003641455211915533,0.0031722909044143337,0.006981644616068068,0.0008312582597527884,0.00513578161290933,0.004336497072738557,-0.01924973955123008,-0.004164534249193769,0.012990260255836912,0.0039837649653223116,0.001467786540557542,0.004438004582816653,0.010220828004966098,0.006934289839301945
0.014174735550158631,0.0010700081673028188,0.006882638164191685,0.009275144055204677,0.020420773244182355,0.014129484200510878,0.012995165278283316,0.015852252922453784,0.010658672728447113,-0.00916658749732526,0.031620416003999154,0.02610094005911934,0.016893008029479656,0.009580573917589841,0.011404026293862128,0.020634391054790584,-0.04821660941304101,0.0169040582278611,0.009412032049790822,0.019396428342121044,0.00936733599224959,-0.00830386623015408,0.0025041525803563345
-0.00665553704670284,0.05398175746819393,-0.0020106213382179773,0.002722772476622355,-0.008004748891588474,-0.007282976312933689,-0.009673906719610421,-0.000404353480863703,0.002000489572422405,-0.022165201865352997,-0.0011493823457185413,-0.004371882099162371,0.001361416665088706,-0.00042157357195373536,-0.0012042255311248435,-0.015286162902677291,0.00025860603436801406,0.011791678400638628,-0.0033822999255851125,0.0010146290813690683,-0.0036771972768883327,-0.02242529422679865,0.0004163162439960503
-0.015075346503444468,-0.02383360997144713,-0.018667745781032297,-0.0179903726007001,-0.00775914152200336,-0.01913877467132929,-0.018899979625675748,-0.016743628675683964,-0.017240024878318615,-0.02010519134234423,-0.013041753077779696,-0.015569003331970702,-0.014413567117609587,-0.011814529495346436,-0.020166542189274942,-0.02103145300377045,0.026873323530975067,-0.043136958257521,-0.017794888837578297,-0.016051076766272314,-0.01915639397517133,-0.02067550734979773,-0.01290066622756613
-0.014625830157344888,-0.0015583780703561007,-0.0046528903335015396,0.0,-0.002815055225292431,0.004227771985448354,-0.016233885190870267,-0.005922848132763673,0.0012003632738130498,0.025814797824390848,-0.004275123949339723,-0.007704868113477744,-0.0035874966646641158,0.015585043682005091,-0.0019017536145531926,-0.001023241804384808,-0.003271252755811871,-0.000930184572624341,0.0026148803990678053,-0.009616377715340216,0.000895843849645382,0.027646541604399832,0.005480798231896986
0.005522864262773605,-0.04786692477115172,0.003987207557277396,0.0034567034120361233,0.0,-0.00226694965101618,0.011661287393226985,0.009516595799962163,0.002674256297261889,-0.011177254925017331,0.003512868255198517,0.004495419879408767,0.00886193295298581,0.0037840361697224437,0.0035862780814462773,-0.01792094073470303,-0.013632900727655864,0.008465691951078012,0.001303995054867186,0.010836610314254973,0.002148287521501245,-0.017511240730069468,0.005241077960177091
-0.010298640817929241,-0.06666655084770798,-0.0006847911110548541,-0.00241137186532972,-0.0018822171805085452,-0.0009735855303306508,-0.0028274195643651838,0.0086893070100396,0.002115354604537699,-0.0009917885051986142,-0.015947099517360702,-0.02237594689331865,0.005764341858139063,0.012565422894741838,-0.0023451258053243497,0.0015639171204823268,0.0035833381027168564,0.0121728707203538,0.0026047345941162853,0.008576472252558445,-0.004287151145276105,0.0021904970959348053,0.004796505827790887
0.009018422749441772,-0.004683799412228796,-0.01740436585154789,-0.007083325424091091,-0.003770981982527818,-0.01104629372373546,-0.005670605011233665,-0.012271439229298084,-0.015418483966237791,-0.023092463293324542,0.005717101961092564,0.017599740724565462,-0.012650322443590456,-0.0020288534139790435,-0.007781277451205924,-0.033836498470898216,0.023463389070038903,-0.027535949775269263,-0.010670051945803831,-0.007758633553237124,-0.006758381965417351,-0.0203482867488771,-0.01950427486347452
-0.013062916086232923,-0.03588234914779871,-0.007353602795052777,-0.014674982135708725,-0.010586505253886231,-0.020367940679013825,-0.01691215893593469,-0.017582153316269538,-0.010523899748985991,-0.011570098551536272,-0.01734354335452927,-0.021013595264858933,-0.01829750292604937,-0.023038584068924797,-0.01640834438045323,0.009843260361389631,0.02790914646344709,-0.030234243739690605,-0.01688074070118054,-0.02077245206940805,-0.015610988807838113,-0.021421396746222773,-0.015917009525527638
-0.012887509421334077,-0.06894449380742129,-0.0019878021179084012,-0.004964603474163033,-0.013418655586984428,-0.011736937226699629,0.017970745719722982,0.007048852929506464,-0.0039716571581241145,0.0094159874402399,-0.009626830102851348,-0.012205453019357682,0.005365483513829745,-0.00042490458524202106,-0.0033364866375551728,-0.012707186857274328,0.013090964312861832,-0.010402084685196931,-0.0017170912882161975,0.0007888944525139889,-0.0011062885754994627,0.013694576131618029,-0.0040973280476731535
0.00599856637845526,0.00982950594634683,0.013230919462430291,0.012473377102715214,0.008096052973698541,0.01085847463418557,0.010056042380289868,0.015748712825384786,0.011297651890501578,0.010893856618504687,-0.0004052194639455596,0.014060513046564268,0.0176966495812417,0.004888610864776162,0.008195990947202749,0.01175147846088601,-0.028954248543944638,0.02618936276688786,0.012040230650126823,0.01602884026840336,0.01384524922960837,0.006959446495785132,0.011693317130334072
-0.019992960164265848,-0.018818917618957168,-0.03060937307162057,-0.03695886236913366,-0.04529407657504866,-0.03121851429659501,-0.02256646955308872,-0.044954966910743285,-0.034641282754838014,-0.025863973500864845,-0.04983788771257922,-0.028991585381413863,-0.03809008963516748,-0.04441639731273898,-0.03331827638868274,-0.0387169292728707,0.0643173523192488,-0.06371525714929359,-0.03597396595044596,-0.050603524103974735,-0.03678082888575522,-0.03425168186622676,-0.02333037705112488
0.01431638902164881,-0.04828038942524583,0.020133243508038783,0.0244883678882804,0.017833160669833457,0.020790003294470574,0.013807124816234624,0.013915226796516024,0.024312042243785283,0.0408631890014211,0.015778259828751553,-0.003029083610120221,0.017503667078584417,0.027003151868705187,0.025465066744839133,-0.013808877504032608,-0.05186374928380811,0.03921728325936927,0.025269397539746528,0.004721744624978114,0.0249527298911744,0.044622179490354505,0.015559934744620947
-0.005645713992009013,0.037526129171011065,-0.0032658186010166602,-0.012843471763614752,-0.014876184567891098,-0.014256649309971128,-0.0008931036504259578,-0.0011859027855596212,-0.010158679004860218,-0.016540451440334825,-0.02686811333394444,-0.021267277125125786,-0.001409794321804097,-0.023491526499143097,-0.0098176740281525,-0.015752626260219324,0.028571285973764213,-0.008742754087163225,-0.011368207600653593,-0.002982463209621785,-0.009774865275080405,-0.01873858915034242,-0.014889857709190138
-0.0014195756818147134,0.01942394384430165,0.005698200472747722,0.01337199898150558,0.015772132541901008,0.006886952375268878,-0.009161944469736377,0.02536035223557284,0.011509689357067057,0.009523700030237241,0.012079425675475484,-0.002660687911480444,0.0237218983003703,0.011476599259497677,0.01668043197504152,0.021339752832198185,-0.02112992062359337,0.00566992834485312,0.014301079807878226,0.025108773958785188,0.0128515932913785,0.019815170072110824,0.013362251440882563
-0.047263601920770136,-0.13009207651587845,-0.06118982671438033,-0.05278211612968281,-0.04459875336929284,-0.06087541675157429,-0.0606675214792484,-0.05393336368578235,-0.05442813761419989,-0.05305749078106229,-0.062233546071658125,-0.07025353979932561,-0.05489653413841808,-0.03338436333721386,-0.050596796615946085,-0.07138705798185653,0.11278193744519195,-0.098353354963986,-0.054205808858348005,-0.056415342829395365,-0.05369620614899293,-0.06453235167163238,-0.059230284291094885
0.001865025477369125,0.009818800598188064,0.010259434560490268,0.006024297468992692,-0.000691625348407349,0.009832539485759371,0.0038415287305701203,0.0015739856684228255,0.007320445979872325,0.00473377910331501,0.00409063568791998,0.007651936935064655,0.003502517649822021,-0.009254944546946356,-0.0021750866717070204,0.017499959028251473,-0.018962649128648326,0.001488936615290124,0.006446241299348403,0.0,0.00563541884305329,-0.0052733578334766325,0.008961367864140193
-0.03760244753889745,-0.07554232140455835,-0.03390069188817247,-0.02470072210908208,-0.033563874350306305,-0.02921040598701598,-0.03874660588545712,-0.022261154621963705,-0.02608252984659436,-0.014838202365340109,-0.02580325603670942,-0.030375117964568706,-0.02472366186432724,-0.02050577016101815,-0.02167874930841166,-0.023341543858268927,0.053988036682901024,-0.055698878703913615,-0.025220301761787536,-0.01911719910267013,-0.026859868673939837,-0.015254824326750243,-0.019357758112337482
0.03133456950102178,0.08495145695652652,0.024424040549208586,0.017651806824725454,0.0068026709319039215,0.01597343304225234,0.0323463669388763,0.020982162485892037,0.01819466783013676,0.034763591627351424,0.010687548278504207,0.02985812217056957,0.020578895857805115,0.01418905087420449,0.020054497136841813,0.003773576302004608,-0.04637435822787617,0.0462848218697935,0.02145820357723849,0.01901224212969821,0.022835421323519185,0.03054282238980488,0.02206204839387356
-0.006376450311841788,0.03131986168316652,-0.01222256765024286,-0.013951855359360102,0.007823659859368276,-0.008775182250167263,-0.010605153389063465,-0.01451686827834357,-0.005922980108038118,-0.002138833017411064,-0.0013792807428953985,-0.004752717460341633,-0.010812594871414186,-0.00756852987752654,-0.008495075255219994,0.0006266785627323372,0.013925797799966257,0.05326514614556615,-0.006835069310493387,-0.01612615544040375,-0.012618859483113837,-0.0010661544723858194,-0.011133639765961734
-0.014345084711259516,-0.061460603804089874,-0.02276200030027576,-0.016177314073694084,-0.02293592247683484,-0.03688675294924449,-0.033617499869654684,-0.030171208989030182,-0.025651454919405133,-0.02530221402482347,-0.03429867446150082,-0.03200762795862905,-0.027508105789624152,-0.025493555117877844,-0.023490002476166803,-0.07451480231734174,0.029430998902716787,-0.10714296985909387,-0.03734423241778431,-0.041106088203316536,-0.01535383464780456,-0.04696413808868463,-0.02740905350278822
0.030256565033870367,0.09707252686070543,0.01594496214534276,0.008603933628724107,0.01213273348160565,0.0013688864651927473,0.02344325033976129,0.0042463557365041175,0.016981639745399055,0.006022808254585112,0.005727800947123299,0.02224428696995372,0.009741051947201724,-0.009741347054904726,0.0026425489043504515,0.0364395464490574,-0.015883168164838698,0.015573233245773276,0.023324008937710812,0.0003982573509393457,0.012045540054170993,-0.005381017792659386,-0.003310651106408539
0.040520464771884916,0.031601144572135816,0.05939381010688755,0.06591708414981333,0.037897580350776526,0.07129182324109214,0.04359616686320216,0.05397250179297617,0.0566809884008667,0.04862892932512192,0.06976739028883018,0.05512565476425948,0.047934972510270984,0.08829203009338142,0.0645078633110624,0.09350128268568778,-0.1097482499489673,0.12509196540524842,0.06275428544645703,0.0611065825345633,0.05891715212463409,0.06988261641336949,0.045788839380596635
0.008574542924640684,0.03471742270491655,-0.013072127087998495,-0.018188646335408197,-0.015845523359215408,-0.036136017271101384,0.0016521608254944492,-0.02278833642407425,-0.013458564802138992,-0.020895215382547568,-0.016858762054349476,0.0018332290059663641,-0.02215180073577936,-0.009479733062435358,-0.02629097229279674,-0.02365074870736841,0.019579498616754426,-0.024831763625584462,-0.015694008818365187,-0.03132620031426947,-0.015549028047310209,-0.02191306351559898,-0.011569865654031468
0.016294721670920855,0.00789477613075981,0.03208251901960305,0.032604895418538844,0.06475330310043369,0.02821090653490988,0.007068788778600571,0.03422604627675811,0.032878665363308836,0.026779336331964783,0.02301448637364319,0.010978814195252082,0.034127553307038136,0.02092129854620274,0.029422579602160968,-0.012422370803582878,-0.0606923154478525,0.07265918854957915,0.034379815927732656,0.029434552187587913,0.040152151482217034,0.025851053138672152,0.024787786366195417
-0.012896530689467249,-0.04634464378281168,-0.004562925754452546,-0.0032292641206990783,-0.007232213722593333,0.0014441169306898898,-0.011932566310724469,0.013717334381881805,-0.00038014057880098425,-0.0205831431690476,0.006175362737872414,-0.016289311902913637,0.01706963777202332,-0.005668123654715879,0.005410738693149843,-0.022641364320447884,-0.005552660946182045,-0.005890097966296505,-0.005298695446473217,0.017682483828382497,-0.007134896998376792,-0.01910991287594497,0.01343774249766728
0.005649739158484073,0.007529108051431056,0.004010806393080801,0.012238824621105926,0.028145801160327614,0.012256626606287376,-0.006156670123441602,0.008457439172966015,0.011121868069664984,0.014991683865005894,0.006137817932316012,0.0027596721608600084,0.0027972508609093428,0.02696759194470064,0.0071358057648920155,-0.004504649325982848,-0.011167560268246354,0.018134359849428367,0.0144308563888194,0.008502766110241932,0.010871619879759854,0.029329933014059582,0.0114916998714615
-0.02633429219048464,-0.06182063952514116,-0.021829093648239203,-0.02596014569129303,-0.03993553714462548,-0.0405983839785346,-0.033357297344198816,-0.038577755065032165,-0.026605353821406708,-0.02738229415341861,-0.047930252850456816,-0.034862343865773575,-0.030125324166845286,-0.04333886833082021,-0.0282261201827782,-0.04395588171629679,0.04337781120417302,-0.036504631976335834,-0.027592046739850357,-0.04692082792463122,-0.024425743626461945,-0.046796803304547635,-0.029276731056949962
0.03606201963115136,0.036205706483449465,0.02960915548330975,0.034319112249196045,0.033881011080408856,0.033407600313789414,0.02440227293213629,0.04919754276820296,0.03631447225247026,0.036474624978362236,0.013729891907672436,0.024239509921006864,0.055507599223080434,0.033474746725868074,0.034425038592408815,-0.0060853537214398505,-0.07847490706089523,0.059394018496639986,0.032695302907235144,0.050769134667265514,0.03456640334525279,0.03360226416299925,0.0353364592890247
-0.0010441128617019052,-0.05450756334040457,-0.002975004753482913,0.0003528809760340831,0.014276635867999776,0.0025145514110879513,0.001925082170521036,0.003242505756451107,-0.0012115254240136599,-0.010436865403192495,0.003160191918157502,0.0,-0.0013622647496718706,0.017706736533833787,0.001502110358631141,0.020408221067239357,0.009076365309539841,0.0010366143710250834,-0.0005704804356373662,0.005307538944860174,-0.00487632248170375,-0.0002109625967808424,0.014565338375493788
-0.0010452790307752203,0.0,-0.006393916568431255,-0.01376140863471594,-0.0063980494420372465,-0.015406766722205116,0.00024004790746705526,-0.005966826273540374,-0.011477283394759888,-0.032587570369360136,-0.006300518845283442,-0.0004639275610250372,-0.006821496632170254,-0.013367380352033751,-0.01223025302790027,-0.04666666402319167,0.01851865514427932,-0.032447451753267575,-0.00941785396407883,-0.004915256579809549,-0.009800278983538002,-0.034417389695484364,-0.012427722128627349
-0.04011163108148681,-0.06356233133859984,-0.034319921448331084,-0.03577803179875203,-0.04958138965533206,-0.05567698248526179,-0.04417760671339245,-0.027094485146502,-0.037757135404535326,-0.05353283175393981,-0.033514580884531735,-0.0380687852936911,-0.03104382353145777,-0.06258048399138287,-0.042985732304356775,-0.06853151437117759,0.07948055352352774,-0.06350311150405255,-0.0380295113982746,-0.038785237336566906,-0.03574065238641585,-0.0586047260209781,-0.03818624200409463
-0.01017444697227669,0.03078141764441222,-0.010513965225929891,-0.016697710180065092,-0.001693775203817453,-0.021194638711012185,-0.0010047430124536206,-0.013282026434790395,-0.011575367024835687,-0.022668473154825453,-0.0004685578812729125,-0.010135124005206508,-0.015026861030385938,-0.021335185178171758,-0.01757607058400961,-0.08408411894851843,0.020692922532555082,-0.021333468147518856,-0.010981329072738594,-0.02112675438774813,-0.016536578799034068,-0.026016400595017683,-0.013534859420076274
0.008076383862832825,0.009188406529467442,0.025142354670063743,0.03769597991685243,0.037326137330652806,0.04409455835135071,0.02740764497790185,0.029874082604866424,0.028880317613122087,0.03301608605416224,0.02636025962770179,0.029112245631519575,0.042880584311622894,0.03731678545211694,0.04548210814789532,0.03934433582361683,-0.035124963909757986,0.05109007459261634,0.02775818165449724,0.044908607363289686,0.03951103900409896,0.044852491209037455,0.02735487128205817
0.00473717159138186,-0.040212493204356436,-0.004597890493879743,-0.006208911981809224,-0.0130822659461177,-0.011810874222619302,-0.012705649310690235,-0.0012285529068749288,-0.002993150684723811,-0.011365101738764708,-0.007329472528617675,-0.0028583941109020764,-0.008898858097562573,-0.019728110603136218,-0.009787380233901516,0.03325356001339682,-0.016125050982054294,-0.005719596128645765,-0.0023776599214520786,-0.0005670095640067867,-0.008417482780304958,-0.017427327675588092,-0.006905557839106538
-0.05305810860126337,-0.10060744658291036,-0.06299915736574294,-0.06841741098235653,-0.0700764041949624,-0.07318004906394422,-0.06457236381717874,-0.04872259975176202,-0.06781972523328389,-0.0753357462683857,-0.08398693219815816,-0.07262307217594427,-0.04320982871333304,-0.07679837189950517,-0.06665871381506074,-0.1120757062573681,0.14104791976631706,-0.1076275007552235,-0.06918727660444614,-0.05257177264723306,-0.062063701702878726,-0.08448070949335404,-0.058322278119228625
-0.02101172047543709,-0.06588442609460814,-0.024779069880402408,-0.0224942198984307,-0.021071568968255985,-0.03183121651874275,-0.030117333607789582,-0.030321837639376275,-0.021888547074727257,-0.03676362775542152,-0.032745711727725405,-0.028336162824600795,-0.02023470044420617,-0.033325023247458715,-0.026863141884655137,-0.08711104275915753,0.05005435672961993,-0.0786575975277161,-0.024351621923218224,-0.03512983540977616,-0.02152034044519505,-0.039510620198024635,-0.03287281102750357
0.019475351183824374,0.002898507370310307,0.01068133910810096,0.0008076727845445903,0.016782439235957236,0.008539541202883473,0.025281806242824768,-0.002384268060404271,0.0050084419905115475,0.01258324267205508,0.01406244362013635,0.012725577589764654,-0.005088279469394343,0.011664032119605237,0.008095648182432075,0.05939613226516436,-0.016994760859192156,0.0017075008477558293,0.00316093121192508,0.002275513248280284,-0.00020590444162839789,0.025212169217097576,0.012315213848821298
0.036257283730007694,0.021194666048986503,0.027702160145755904,0.029043910239031145,0.038751318123047884,0.028365862589732182,0.017421455747805712,0.00579069175147429,0.027038560295793025,0.01859929125013763,0.04417070826336647,0.032460741057142965,0.0021060356790771734,0.03433257767360225,0.027646028184106542,0.04136019606223984,-0.051233423329443965,0.05693189226101441,0.02694490231769239,0.0020640021541409983,0.02775493994571485,0.026922118506348347,0.019951564956062942
-0.018058666604754917,-0.059433978797521686,-0.011685896591026515,-0.003136101932468652,0.0027633583367662443,-0.003705204186644985,-0.02792407345177451,-0.01782117104619773,-0.011356703624896004,0.006302182970702189,-0.03098860834843073,-0.027383160192699874,-0.02371666635978593,-0.041862654536060716,-0.006789527810416122,-0.03353927661618092,0.02311105854928288,-0.01591223605114612,-0.006242288710499755,-0.02286309399266304,0.001000365677286293,0.005293812652475746,-0.041507752965819336
-0.01494257671401124,-0.004012047493493002,-0.017341884420599047,-0.013370041222439922,0.001033416959102528,-0.014876146429577025,-0.02330622461178045,-0.03117132115122905,-0.010233785872248956,0.014692849262609132,-0.01979723075068986,-0.029197202307078975,-0.02675270705782909,0.002843798163798681,-0.004901250361658437,-0.0721459591694719,0.016724611325197068,-0.031574317830206165,-0.009262032065039142,-0.027824412852266302,-0.007394159327674273,0.00852544635954022,-0.016177293671747882
0.03228327091025245,0.08962727079979718,0.04251565883910049,0.034675045647168626,0.03544380873491778,0.0465604304143912,0.0291343097235179,0.040337880514455735,0.0343952312216235,0.0351322939677089,0.04298289867451262,0.04457563146764064,0.04202217594241504,0.030162222725195517,0.03862585689991792,0.046259769524868564,-0.07007053887522967,0.07851963595346953,0.034816159326506724,0.042714562773261584,0.03321928177870962,0.03953271692298296,0.04199352397913456
-0.009796577669728959,-0.016635810091900634,0.017082100950262982,0.024268128007345957,0.00830833276302131,0.030060239269897957,-0.0037746452722999023,0.03766627000313004,0.023459955139648526,0.017351884083584013,0.009434176712280477,-0.004113005885065438,0.026379561254505596,0.03153157449642945,0.027829914153525058,0.01317051083427169,-0.0572019084718675,0.030230421975115333,0.025337339323235026,0.03410276411868566,0.022018764912639453,0.02009077861859056,0.03131836519291488
0.03044137178491807,0.07894739746739055,0.033287969850194235,0.031967041589644696,0.04251823492595898,0.040466822170590964,0.03924230728297826,0.02010675555470979,0.029997891215318543,0.03336096826431515,0.04722081007610053,0.036654661269278965,0.018907115613013763,0.041970055195535406,0.026954899468964816,0.1021352473576171,-0.05214422455039667,0.08396752135692398,0.029977948409321525,0.027146564534800764,0.025357355560905175,0.033997713233094605,0.02330516873631521
0.0088626367972622,0.02787464482212904,0.005418111999404582,0.004737518155191166,0.014227110196725219,0.007105498718195172,0.020833216875813677,-8.711259103672625e-05,0.00570882462353717,0.004508222125877937,0.016439528189337402,0.018924247619652827,-0.0008699816593435093,-0.0004655978725148162,0.006975616062835447,-0.006739608179714464,-0.006683808991834562,0.010584673023317464,0.004523051147854464,-0.002544973507276134,0.004834568322687904,0.007709725810708629,-0.0016105755758560824
0.018667673021207202,-0.01355936006523077,0.027672531352749028,0.030105251486186955,0.026807967274563985,0.038247091113807766,0.005102186605340049,0.03323151378175985,0.03059465191154535,0.04972826014730087,0.005083252684486815,0.008308727905775654,0.02553678049925995,0.03773582705052665,0.02829632140816228,0.037319753158935993,-0.06573488855442751,0.06692008882791972,0.03543464872819785,0.03218827357611409,0.02942264366590102,0.03915393017223952,0.03410153802325526
-0.011857759886608062,-0.003436527609303421,-0.018849105345448758,-0.005676646963872773,-0.017607577456995753,-0.016094318559236518,-0.02538074084202039,-0.018065272670381362,-0.01026895370620757,-0.020410883930355297,-0.006896477214950921,-0.011633602619097015,-0.009096713214907392,-0.01676741261745845,-0.004687997733845569,-0.062142172577002726,0.019390414306906984,-0.029102528318896707,-0.015031114867221503,-0.01323851221732472,-0.00408729971782948,-0.014934343424604812,-0.01180933821117086
0.01818183075727557,0.02844840566702153,0.011122184615323744,0.013504029955557207,0.02906195141912271,0.011657305668199688,0.00963541849185761,0.010962123042974364,0.019272106475496688,-0.0022985508628089444,0.02638877999610604,0.031387909163276384,0.013730122157830382,0.02925730799341956,0.013031955401907115,-0.00011844714489214876,-0.02880425473321355,0.051859523744809725,0.01741090431843056,0.006373151012580964,0.01106698680944156,0.0008807686991733528,0.03089068374257256
-0.0035714159019581047,-0.002514720736682539,-0.009999943825926477,-0.015427935521784137,-0.017738997939988028,-0.01906472223994287,-0.002321442954980095,0.00025579901003779364,-0.014770207029466097,-0.01937919766020889,-0.0166891525693663,-0.002377415063427789,-0.0016930271835328332,-0.022207444150197576,-0.01958103157684675,0.012334606983231041,0.012870725852395518,-0.031667259772105764,-0.015829321390677366,0.0005757352088672051,-0.018302793519425587,-0.016061558460937774,-0.014435637525681487
0.02580651123408668,0.024369593570057576,0.026551156738730236,0.023148264574643387,0.0388736373599972,0.037403706827075535,0.02662873628281458,0.019265305046836004,0.0204603170337535,0.0309413844279134,0.029816717083515555,0.021925795366975337,0.017523942828766917,0.03633897901521471,0.025429568594071042,0.07136659459651205,-0.0301104636328729,0.03712240296691302,0.0244631517270566,0.025316470680965986,0.0244927823044222,0.0357782206795698,0.014425178293137431
0.006988094910638468,0.012305336726769409,0.011245496945962124,0.009049832938879029,0.02975864465428212,0.013078879567280864,0.016872322810632914,0.009701458212674012,0.009701388250710472,0.014131955048664694,0.027171105049496932,0.006063296042936771,0.009444374157228569,0.0063551894025734796,0.010078337451318644,0.06092605329616978,-0.020222143288767182,0.01201608827085939,0.006956802772475882,0.008417599869302989,0.006422792592214924,0.0069084713243141044,0.0019687822737198576
0.01561408239854178,-0.045380831733030286,-0.013622537501515021,-0.0037943888441888713,0.008297476241825488,-0.0069784123835576785,-0.0017335377394778408,0.009442581906210373,-0.0056732188634329855,-0.02683485833322459,-0.004336320800068981,0.006026947715389722,0.001926313911171735,-0.023301361657770702,-0.0076235331823095095,-0.05359888942403032,0.012790518158121149,-0.010357899653591,-0.007188861893685661,0.00927467074841557,-0.0044318185179973504,-0.028516268084460613,-0.017248726625978063
-0.013665821388645902,0.010186695204675529,-0.011132886803972012,-0.01142663285269887,-0.013620801194225835,-0.01967671721098127,-0.027536625830498623,0.004348897214205593,-0.00644226202744174,-0.01680057079726431,-0.005661997676864788,-0.009216571453899813,0.0,-0.01047915995413596,-0.009602023534394577,-0.04611665240814312,0.014638345500336047,-0.01795418671064241,-0.01213076190824438,0.001102682334050468,-0.00925905491724516,-0.02118740102715841,0.010664320989207957
-0.002424635325608698,-0.05714284176272191,-0.007267990793692875,-0.008056114291608614,-0.006617003192281347,-0.015412136705224138,-0.009948896968607368,0.003349645420307278,-0.0072248970719399315,-0.02984830626519793,-0.003504235463895738,-0.0111627973399192,0.0041196808288135826,-0.006309278774417725,-0.007870454350907417,-0.03138241429526143,-0.005940481321390117,0.021315132386563657,-0.009519469732355864,0.002203048845851698,-0.010603847589212638,-0.03337101704816225,0.010771483302185808
-0.0010416812664461779,-0.0026738520016256484,0.0031579854818437635,0.00035311539918592144,-0.008398521648034103,0.005824528898671285,0.009018270439291879,0.004315543310431675,0.0,0.02407832235999219,-0.0008790282748455409,0.007525678217105628,0.004102750447274874,0.003401296625586195,0.008047682734407445,0.026269677135717782,0.008537190142077357,-0.03860184265928877,0.0020181952246129268,0.013738684420860445,-0.00036342794225253407,0.02402611106377676,0.003479855602649668
0.02537358061074644,0.01697944763914188,0.014024013624732993,0.019414156069305997,0.01869191477581509,0.025334686238110686,0.029366675533483363,0.01135069708647952,0.020432891241784424,0.013352897976224527,0.017597815325606333,0.013072076426260477,0.010079209641856391,0.03638432354590356,0.016651526996541557,0.0076793388628847575,-0.04204280744422605,0.04827057271064196,0.018991097346244944,0.011384317759317948,0.016354814076554505,0.01640101451935278,0.019505772364828044
0.010847491188567107,0.025483425064494587,0.002116861573181625,0.0038088410682475173,0.018348614962528424,0.0035297780965522977,-0.0012403683386054585,0.0020041648085719513,0.0046630302595491715,-0.004654950988562649,0.011240767019516528,0.008755711598946371,0.007820760260323715,0.006323495015040852,0.003926378585391666,0.013547806775320321,-0.000589156746090816,0.0136372758848807,0.0029179454874074173,0.00678943472381313,0.0010727492814112368,-0.0015688523895717715,0.0046767297928081005
-0.00570083397893936,-0.011996788853387385,-0.005210559873483854,0.006554060219260364,0.009290324798309057,-0.003517362587134597,-0.03651258313910264,0.007200667726191276,0.0019111400052809406,0.004820357537943764,0.002137786969580497,-0.014161554109299559,0.0074928545043264645,0.007584139973737647,0.003464055739424859,-0.020885667817502115,-0.017683371012494786,0.0020764103799149032,0.006757288043665829,0.00816320815404022,0.00857302560275884,0.013467921809550532,-0.0008462352636702981
-0.011129897462445476,-0.021682493572412632,-0.010051030978480577,-0.010281066335567713,-0.024267860442880783,-0.013060485471150574,-0.0067028984591259964,-0.01453655891434963,-0.002452360714079809,-0.02176708703683727,-0.012798840984913858,-0.018535787169052225,-0.018061062681314608,-0.015914290153521544,-0.017483361314011417,-0.04778140884079342,0.019501977012171958,-0.002072107833700704,-0.00885611828124722,-0.01848273430843306,-0.013104274793449463,-0.02702083764795842,-0.0144005484399976
-0.018076280459060984,-0.01861702857663165,-0.0361788069907323,-0.01692964449829867,-0.019725491187081768,-0.032903879429816665,-0.06903705610802978,-0.01886177493894026,-0.02704444413387432,-0.0398916713541464,-0.00674370000593544,-0.00781642307793965,-0.0131797849319891,-0.02578451267634807,-0.025682922189920968,-0.014336779350826553,0.02354315118981938,-0.04908206447677836,-0.02896916273781993,-0.017611905245313825,-0.018841264682456213,-0.03212673564434428,-0.005713199006471836
0.04237570688696085,0.04878053485085149,0.04473440017536538,0.030088606979840306,0.030809296698072038,0.021371197245024398,0.07819602956637398,0.03092902359606896,0.03490606738658298,0.03634465192643176,0.02960390168509425,0.03689508704604076,0.029436147419214638,0.030112385963227763,0.030324174076973017,0.03704522482835482,-0.07101777341110241,0.057462970636319666,0.03828712454560431,0.021218391558811618,0.03328440840079668,0.038896640298843495,0.028800202028786182
-0.008663748081694511,-0.02497849321461493,0.003444167928505691,0.01752570625682806,0.015589567690708375,0.011973749634628718,-0.022228047928060084,0.010385887165787457,0.017238287812062002,0.01660899571507365,0.013530691767477423,-0.003234726210053532,0.012560080141955877,0.022687713642620275,0.01754603895200112,-0.025293572385513132,-0.013927586496579823,0.03570247509721183,0.017430376644948627,0.01397094660261621,0.018508646140773525,0.018152838088372283,0.025678883209313184
0.01546212967934631,0.05653707914487492,0.034181946100089684,0.024991592461411225,0.020373959927304883,0.03262819964062952,0.03355870196130145,0.012809428139374524,0.020335364653040363,0.04095290103681581,0.011681183105609956,0.016226310434963278,0.010557056474057584,0.02837025803969177,0.02892400486167928,0.03058380553917875,-0.050219670173995,0.04292998827435587,0.02625040083772077,0.013071788978267631,0.02551095848253433,0.04123018830530627,0.013339006743418095
-0.005627168509766588,0.006688982915206478,-0.0074677651211020575,-0.005271879942095256,-0.0002735168568711208,0.001736218594554609,0.0010474293027735537,0.001483209674080236,-0.0036713399202495,-0.00306926457421699,0.0032989989715177344,0.0009124423897719279,0.0015666567046700188,-0.005185776425371692,0.0,0.005395581421388242,0.014540610248350147,-0.011858957404731628,-0.005833834778554868,0.003836138319529533,-0.006815351266990007,0.0042808806096218685,-0.0016202066288639775
0.01098533064949673,0.0008306115516101545,0.008220745663673458,-0.0016563002797367597,0.004924678370326735,0.003812749642008104,0.01883344317637974,0.009588363396316558,-0.003685086564675,-0.01504354572576614,0.004932289452511755,0.015040913040130131,0.009126789197577546,0.004587165609939953,-0.003459771239829654,0.006261227614068255,-0.0013029879127637186,-0.0058072436876178005,-0.0037917294932733048,0.004342599855239565,-0.004288890127333807,-0.006180686105973136,0.0107505895766982
-0.012512302652613279,0.01742739177431639,-0.0006911119787395179,0.004645118799020472,0.004356293394603765,0.0013813290983838802,-0.010012860150570985,0.01181391478218998,0.0051076755140541715,0.004191313198294301,-0.0024539785863726435,-0.013471022484646102,0.007493467450607249,0.012245863987904686,0.0020614265821504952,-0.00977762615165638,0.028375746964364405,0.01098114318663498,0.00570928497720925,0.01349010684657538,0.00465198146609381,0.002573498695150616,-0.008629498465559259
0.01600520627430756,0.030179488537089023,0.017839849264818217,0.002972264117422074,0.010571927105677592,-0.0013794236603428493,0.021784179233722608,0.0017550320960496143,0.0029788079581331943,-0.00728639288330155,0.00492007232546597,0.012289561685549314,0.002821060775212434,-0.003895851949604477,0.003139820121815036,0.024236820660379944,-0.03964477376374294,0.007626561715372612,0.0021624496820310327,-0.0023891424684317863,0.004287400815376977,-0.015401291387401568,-0.0042509522316331256
0.0091894382825324,0.0031670715180303318,0.005434872562080429,0.009219533120640451,0.006169416920937595,0.015538825890683528,0.0002536871514265897,0.007770346658284239,0.0061144669135862065,0.01574843180668967,0.004487947229481522,0.0008990805305484953,0.0069053301444553065,0.01564416715394509,0.011656806264514472,0.00964071029494669,-0.0075958353658352,0.005504663893168786,0.009171012317827704,0.01368469458000694,0.007855152366625871,0.01607648748267119,0.0040657918444815385
-0.01170737812344408,0.0,-0.007972914224132387,-0.005546472378048018,-0.003732418263065321,-0.00578047485512503,-0.00811971212784406,-0.008995156585040324,-0.002778148570329356,-0.013329560759196005,-0.006904970601124843,-0.007187767460304916,-0.008635914458147088,0.002229526096138641,-0.004907728801006356,-0.02517345518743879,0.0009984128585927632,-0.0057025973011514755,-0.005167522206877466,-0.0047250671788966175,-0.006099739791577436,-0.011331882812928587,0.006884095730627469
0.013162317046804014,0.0,0.009807729928014295,0.005577407313654325,0.00802787011855018,0.008891928029908291,0.02200065575302897,0.004576565455529323,0.00470129853840376,0.016780619420978058,0.00940700071560927,0.014027246346694337,0.0071740050830072,0.014762448871418497,0.007933846906378963,0.027604465234626074,0.007313811360727096,0.014911677607208669,0.005015295877734556,0.006782047549045635,0.00460279562171345,0.018598566793695585,-0.002815304739937229
-0.020785997168941896,0.011049670683916778,-0.019020402937905682,-0.03197392707707078,-0.03583744361101405,-0.025423642712197988,-0.015769746588986867,-0.029764697518405714,-0.033275600270524903,-0.014895124608629146,-0.04294975888240355,-0.0254351799450953,-0.02721945239395535,-0.02809885955566627,-0.03425139935734749,0.01906392418660164,0.04389436121214446,-0.05944850331529885,-0.03136695085511531,-0.029976380392033937,-0.030714314902666,-0.010191143951352876,-0.02198016178686551
-0.006301854145203532,0.0,-0.013338900114565113,-0.011796276296959023,-0.0011014095356650427,-0.010434753439656608,-0.021617433688358702,-0.013382478734595138,-0.0010756285932211054,-0.006246909854932199,0.002963621856696239,-0.0073258038001747785,-0.012290935478130557,-0.014353175043092978,-0.0071595831727420045,-0.03911554128974906,0.00853618737208045,-0.01514068702156941,-0.004415779316849293,-0.01961802197679196,-0.00892859290973691,-0.008150899042937875,-0.014020593026682493
0.028704943475141888,0.00858702439281331,0.027456410325233518,0.025163983901618697,0.028390622973246824,0.014059690348977687,0.02703397588396168,0.026810572907112327,0.0193825998147877,0.02250157824934717,0.03151797342612889,0.025538430067215928,0.030446256438310438,0.02715391353933197,0.019222880323401376,0.0221241295755001,-0.04608141708393694,0.046120256264069084,0.012936564298813971,0.028734011968962737,0.025171891229090956,0.010955956435240584,0.016988029206976604
0.0029201884305311843,-0.04411756806996293,0.0009495100871951938,0.011033070979278845,0.01450931195424884,0.02255797659352849,-0.003290179276869561,-0.003012792463299834,0.006602109660235229,0.014670968938066268,0.008193589107425167,0.003605275721071511,0.0028453291598313536,0.008718562032120108,0.018019124280083888,-0.004329145116514037,-0.01807432191557321,0.024959066992439414,0.017000274410796115,0.00586506195429984,0.0114344563538021,0.013502014330690329,-0.0002058059525664472
-0.036881307371930114,0.0,-0.009757321847892714,-0.014219636973323155,-0.02328038055021384,-0.0047522792251988785,-0.011173228008184715,-0.00849293774930002,-0.012034286422203907,-0.0008250419386761343,-0.023567485936385527,-0.026044096263101287,-0.02011858223328797,-0.012663119669320004,-0.013516601746747441,0.0255107246165182,0.0351406000029651,-0.018206677349761342,-0.013525661793149823,-0.020751249630782027,-0.01404594565487902,0.0014801922042421913,-0.014615084689706372
-0.013772152064078358,0.008097102293086734,-0.010264188456487845,-0.011740988912667477,-0.016251342594794736,-0.014324601169366397,-0.018746841007594446,-0.01128442630479761,-0.009237107929244202,-0.0015890487784575773,-0.014149137407051884,-0.014753301607157826,-0.00737044967638157,-0.014454484122170697,-0.01196163606465689,-0.01633720310972302,0.026511484275753897,-0.03824732246039101,-0.008683717747219094,-0.013134817201318342,-0.0057331118117270275,-0.008868263156979994,-0.006267021739893783
