AIRR,CGW,CHII,EDOM,EXI,FIDU,FIW,FXR,IEV,ITA,IYJ,IYT,JETS,PHO,PIO,PPA,PSCI,RGI,SEA,SIJ,UXI,VIS,XAR,XLI,XTN,_PRN
0.0033763846475204,-0.0010452790307752203,0.0,0.01804737408795195,-0.006393916568431255,-0.01376140863471594,-0.0063980494420372465,-0.015406766722205116,0.00024004790746705526,-0.005966826273540374,-0.011477283394759888,-0.032587570369360136,0.04298922085504005,-0.006300518845283442,-0.0004639275610250372,-0.006821496632170254,-0.013367380352033751,-0.01223025302790027,-0.04666666402319167,0.01851865514427932,-0.032447451753267575,-0.00941785396407883,-0.004915256579809549,-0.009800278983538002,-0.034417389695484364,-0.012427722128627349
-0.07235011867924965,-0.04011163108148681,-0.06356233133859984,-0.020145000534816684,-0.034319921448331084,-0.03577803179875203,-0.04958138965533206,-0.05567698248526179,-0.04417760671339245,-0.027094485146502,-0.037757135404535326,-0.05353283175393981,-0.04506922550833225,-0.033514580884531735,-0.0380687852936911,-0.03104382353145777,-0.06258048399138287,-0.042985732304356775,-0.06853151437117759,0.07948055352352774,-0.06350311150405255,-0.0380295113982746,-0.038785237336566906,-0.03574065238641585,-0.0586047260209781,-0.03818624200409463
-0.008464282104159062,-0.01017444697227669,0.03078141764441222,0.0012335627488288176,-0.010513965225929891,-0.016697710180065092,-0.001693775203817453,-0.021194638711012185,-0.0010047430124536206,-0.013282026434790395,-0.011575367024835687,-0.022668473154825453,-0.0036304803362582454,-0.0004685578812729125,-0.010135124005206508,-0.015026861030385938,-0.021335185178171758,-0.01757607058400961,-0.08408411894851843,0.020692922532555082,-0.021333468147518856,-0.010981329072738594,-0.02112675438774813,-0.016536578799034068,-0.026016400595017683,-0.013534859420076274
0.034756044482634516,0.008076383862832825,0.009188406529467442,0.0,0.025142354670063743,0.03769597991685243,0.037326137330652806,0.04409455835135071,0.02740764497790185,0.029874082604866424,0.028880317613122087,0.03301608605416224,0.033198318634550215,0.02636025962770179,0.029112245631519575,0.042880584311622894,0.03731678545211694,0.04548210814789532,0.03934433582361683,-0.035124963909757986,0.05109007459261634,0.02775818165449724,0.044908607363289686,0.03951103900409896,0.044852491209037455,0.02735487128205817
-0.024453795196244858,0.00473717159138186,-0.040212493204356436,0.0006575602835422311,-0.004597890493879743,-0.006208911981809224,-0.0130822659461177,-0.011810874222619302,-0.012705649310690235,-0.0012285529068749288,-0.002993150684723811,-0.011365101738764708,-0.023510950983196038,-0.007329472528617675,-0.0028583941109020764,-0.008898858097562573,-0.019728110603136218,-0.009787380233901516,0.03325356001339682,-0.016125050982054294,-0.005719596128645765,-0.0023776599214520786,-0.0005670095640067867,-0.008417482780304958,-0.017427327675588092,-0.006905557839106538
-0.06820120599872041,-0.05305810860126337,-0.10060744658291036,-0.05051323534600024,-0.06299915736574294,-0.06841741098235653,-0.0700764041949624,-0.07318004906394422,-0.06457236381717874,-0.04872259975176202,-0.06781972523328389,-0.0753357462683857,-0.07508289333635369,-0.08398693219815816,-0.07262307217594427,-0.04320982871333304,-0.07679837189950517,-0.06665871381506074,-0.1120757062573681,0.14104791976631706,-0.1076275007552235,-0.06918727660444614,-0.05257177264723306,-0.062063701702878726,-0.08448070949335404,-0.058322278119228625
-0.05031204831925348,-0.02101172047543709,-0.06588442609460814,-0.042387649741432235,-0.024779069880402408,-0.0224942198984307,-0.021071568968255985,-0.03183121651874275,-0.030117333607789582,-0.030321837639376275,-0.021888547074727257,-0.03676362775542152,-0.045197712101028416,-0.032745711727725405,-0.028336162824600795,-0.02023470044420617,-0.033325023247458715,-0.026863141884655137,-0.08711104275915753,0.05005435672961993,-0.0786575975277161,-0.024351621923218224,-0.03512983540977616,-0.02152034044519505,-0.039510620198024635,-0.03287281102750357
-0.001848132405589372,0.019475351183824374,0.002898507370310307,-0.018970376247945696,0.01068133910810096,0.0008076727845445903,0.016782439235957236,0.008539541202883473,0.025281806242824768,-0.002384268060404271,0.0050084419905115475,0.01258324267205508,0.027309891034018118,0.01406244362013635,0.012725577589764654,-0.005088279469394343,0.011664032119605237,0.008095648182432075,0.05939613226516436,-0.016994760859192156,0.0017075008477558293,0.00316093121192508,0.002275513248280284,-0.00020590444162839789,0.025212169217097576,0.012315213848821298
0.04162382770968388,0.036257283730007694,0.021194666048986503,0.032688944572409666,0.027702160145755904,0.029043910239031145,0.038751318123047884,0.028365862589732182,0.017421455747805712,0.00579069175147429,0.027038560295793025,0.01859929125013763,-0.011076654133401968,0.04417070826336647,0.032460741057142965,0.0021060356790771734,0.03433257767360225,0.027646028184106542,0.04136019606223984,-0.051233423329443965,0.05693189226101441,0.02694490231769239,0.0020640021541409983,0.02775493994571485,0.026922118506348347,0.019951564956062942
-0.02764966725585217,-0.018058666604754917,-0.059433978797521686,-0.011145799577156069,-0.011685896591026515,-0.003136101932468652,0.0027633583367662443,-0.003705204186644985,-0.02792407345177451,-0.01782117104619773,-0.011356703624896004,0.006302182970702189,-0.04211475013667236,-0.03098860834843073,-0.027383160192699874,-0.02371666635978593,-0.041862654536060716,-0.006789527810416122,-0.03353927661618092,0.02311105854928288,-0.01591223605114612,-0.006242288710499755,-0.02286309399266304,0.001000365677286293,0.005293812652475746,-0.041507752965819336
-0.02572793001515486,-0.01494257671401124,-0.004012047493493002,-0.05770974090588125,-0.017341884420599047,-0.013370041222439922,0.001033416959102528,-0.014876146429577025,-0.02330622461178045,-0.03117132115122905,-0.010233785872248956,0.014692849262609132,0.014967440035920343,-0.01979723075068986,-0.029197202307078975,-0.02675270705782909,0.002843798163798681,-0.004901250361658437,-0.0721459591694719,0.016724611325197068,-0.031574317830206165,-0.009262032065039142,-0.027824412852266302,-0.007394159327674273,0.00852544635954022,-0.016177293671747882
0.03613625524635639,0.03228327091025245,0.08962727079979718,0.0488039250133229,0.04251565883910049,0.034675045647168626,0.03544380873491778,0.0465604304143912,0.0291343097235179,0.040337880514455735,0.0343952312216235,0.0351322939677089,0.07096766645824816,0.04298289867451262,0.04457563146764064,0.04202217594241504,0.030162222725195517,0.03862585689991792,0.046259769524868564,-0.07007053887522967,0.07851963595346953,0.034816159326506724,0.042714562773261584,0.03321928177870962,0.03953271692298296,0.04199352397913456
0.05499654011064215,-0.009796577669728959,-0.016635810091900634,-0.02828465741521565,0.017082100950262982,0.024268128007345957,0.00830833276302131,0.030060239269897957,-0.0037746452722999023,0.03766627000313004,0.023459955139648526,0.017351884083584013,0.03657489030376607,0.009434176712280477,-0.004113005885065438,0.026379561254505596,0.03153157449642945,0.027829914153525058,0.01317051083427169,-0.0572019084718675,0.030230421975115333,0.025337339323235026,0.03410276411868566,0.022018764912639453,0.02009077861859056,0.03131836519291488
0.06166585619971372,0.03044137178491807,0.07894739746739055,0.07323946996541777,0.033287969850194235,0.031967041589644696,0.04251823492595898,0.040466822170590964,0.03924230728297826,0.02010675555470979,0.029997891215318543,0.03336096826431515,0.02615192707358485,0.04722081007610053,0.036654661269278965,0.018907115613013763,0.041970055195535406,0.026954899468964816,0.1021352473576171,-0.05214422455039667,0.08396752135692398,0.029977948409321525,0.027146564534800764,0.025357355560905175,0.033997713233094605,0.02330516873631521
0.015568790358799744,0.0088626367972622,0.02787464482212904,0.020559976273027237,0.005418111999404582,0.004737518155191166,0.014227110196725219,0.007105498718195172,0.020833216875813677,-8.711259103672625e-05,0.00570882462353717,0.004508222125877937,0.000809021794609756,0.016439528189337402,0.018924247619652827,-0.0008699816593435093,-0.0004655978725148162,0.006975616062835447,-0.006739608179714464,-0.006683808991834562,0.010584673023317464,0.004523051147854464,-0.002544973507276134,0.004834568322687904,0.007709725810708629,-0.0016105755758560824
0.02470504548365665,0.018667673021207202,-0.01355936006523077,0.013287485121488463,0.027672531352749028,0.030105251486186955,0.026807967274563985,0.038247091113807766,0.005102186605340049,0.03323151378175985,0.03059465191154535,0.04972826014730087,0.027485917956940685,0.005083252684486815,0.008308727905775654,0.02553678049925995,0.03773582705052665,0.02829632140816228,0.037319753158935993,-0.06573488855442751,0.06692008882791972,0.03543464872819785,0.03218827357611409,0.02942264366590102,0.03915393017223952,0.03410153802325526
-0.008573540255165121,-0.011857759886608062,-0.003436527609303421,0.0,-0.018849105345448758,-0.005676646963872773,-0.017607577456995753,-0.016094318559236518,-0.02538074084202039,-0.018065272670381362,-0.01026895370620757,-0.020410883930355297,-0.023996847527358128,-0.006896477214950921,-0.011633602619097015,-0.009096713214907392,-0.01676741261745845,-0.004687997733845569,-0.062142172577002726,0.019390414306906984,-0.029102528318896707,-0.015031114867221503,-0.01323851221732472,-0.00408729971782948,-0.014934343424604812,-0.01180933821117086
0.018107870948680167,0.01818183075727557,0.02844840566702153,0.0,0.011122184615323744,0.013504029955557207,0.02906195141912271,0.011657305668199688,0.00963541849185761,0.010962123042974364,0.019272106475496688,-0.0022985508628089444,0.008867371141456203,0.02638877999610604,0.031387909163276384,0.013730122157830382,0.02925730799341956,0.013031955401907115,-0.00011844714489214876,-0.02880425473321355,0.051859523744809725,0.01741090431843056,0.006373151012580964,0.01106698680944156,0.0008807686991733528,0.03089068374257256
-0.0240564430060341,-0.0035714159019581047,-0.002514720736682539,-0.010998407891684702,-0.009999943825926477,-0.015427935521784137,-0.017738997939988028,-0.01906472223994287,-0.002321442954980095,0.00025579901003779364,-0.014770207029466097,-0.01937919766020889,-0.008789431985914512,-0.0166891525693663,-0.002377415063427789,-0.0016930271835328332,-0.022207444150197576,-0.01958103157684675,0.012334606983231041,0.012870725852395518,-0.031667259772105764,-0.015829321390677366,0.0005757352088672051,-0.018302793519425587,-0.016061558460937774,-0.014435637525681487
0.039719643344761316,0.02580651123408668,0.024369593570057576,0.0,0.026551156738730236,0.023148264574643387,0.0388736373599972,0.037403706827075535,0.02662873628281458,0.019265305046836004,0.0204603170337535,0.0309413844279134,0.04054814743744466,0.029816717083515555,0.021925795366975337,0.017523942828766917,0.03633897901521471,0.025429568594071042,0.07136659459651205,-0.0301104636328729,0.03712240296691302,0.0244631517270566,0.025316470680965986,0.0244927823044222,0.0357782206795698,0.014425178293137431
0.01516854313926019,0.006988094910638468,0.012305336726769409,0.0,0.011245496945962124,0.009049832938879029,0.02975864465428212,0.013078879567280864,0.016872322810632914,0.009701458212674012,0.009701388250710472,0.014131955048664694,-0.04206696502562607,0.027171105049496932,0.006063296042936771,0.009444374157228569,0.0063551894025734796,0.010078337451318644,0.06092605329616978,-0.020222143288767182,0.01201608827085939,0.006956802772475882,0.008417599869302989,0.006422792592214924,0.0069084713243141044,0.0019687822737198576
0.002213552360938537,0.01561408239854178,-0.045380831733030286,0.03421747664529424,-0.013622537501515021,-0.0037943888441888713,0.008297476241825488,-0.0069784123835576785,-0.0017335377394778408,0.009442581906210373,-0.0056732188634329855,-0.02683485833322459,-0.04205420082966642,-0.004336320800068981,0.006026947715389722,0.001926313911171735,-0.023301361657770702,-0.0076235331823095095,-0.05359888942403032,0.012790518158121149,-0.010357899653591,-0.007188861893685661,0.00927467074841557,-0.0044318185179973504,-0.028516268084460613,-0.017248726625978063
-0.027608959280667048,-0.013665821388645902,0.010186695204675529,-0.018196828970303308,-0.011132886803972012,-0.01142663285269887,-0.013620801194225835,-0.01967671721098127,-0.027536625830498623,0.004348897214205593,-0.00644226202744174,-0.01680057079726431,-0.026593497169155662,-0.005661997676864788,-0.009216571453899813,0.0,-0.01047915995413596,-0.009602023534394577,-0.04611665240814312,0.014638345500336047,-0.01795418671064241,-0.01213076190824438,0.001102682334050468,-0.00925905491724516,-0.02118740102715841,0.010664320989207957
-0.0096537667517807,-0.002424635325608698,-0.05714284176272191,-0.01516449523578214,-0.007267990793692875,-0.008056114291608614,-0.006617003192281347,-0.015412136705224138,-0.009948896968607368,0.003349645420307278,-0.0072248970719399315,-0.02984830626519793,-0.01691237552356302,-0.003504235463895738,-0.0111627973399192,0.0041196808288135826,-0.006309278774417725,-0.007870454350907417,-0.03138241429526143,-0.005940481321390117,0.021315132386563657,-0.009519469732355864,0.002203048845851698,-0.010603847589212638,-0.03337101704816225,0.010771483302185808
0.005733959917127267,-0.0010416812664461779,-0.0026738520016256484,0.005988115676197496,0.0031579854818437635,0.00035311539918592144,-0.008398521648034103,0.005824528898671285,0.009018270439291879,0.004315543310431675,0.0,0.02407832235999219,0.006175486161250114,-0.0008790282748455409,0.007525678217105628,0.004102750447274874,0.003401296625586195,0.008047682734407445,0.026269677135717782,0.008537190142077357,-0.03860184265928877,0.0020181952246129268,0.013738684420860445,-0.00036342794225253407,0.02402611106377676,0.003479855602649668
0.027936321764705983,0.02537358061074644,0.01697944763914188,0.02465992771707389,0.014024013624732993,0.019414156069305997,0.01869191477581509,0.025334686238110686,0.029366675533483363,0.01135069708647952,0.020432891241784424,0.013352897976224527,0.0061377638362044564,0.017597815325606333,0.013072076426260477,0.010079209641856391,0.03638432354590356,0.016651526996541557,0.0076793388628847575,-0.04204280744422605,0.04827057271064196,0.018991097346244944,0.011384317759317948,0.016354814076554505,0.01640101451935278,0.019505772364828044
0.012368185566844112,0.010847491188567107,0.025483425064494587,0.0024896312430179746,0.002116861573181625,0.0038088410682475173,0.018348614962528424,0.0035297780965522977,-0.0012403683386054585,0.0020041648085719513,0.0046630302595491715,-0.004654950988562649,-0.017429278883017124,0.011240767019516528,0.008755711598946371,0.007820760260323715,0.006323495015040852,0.003926378585391666,0.013547806775320321,-0.000589156746090816,0.0136372758848807,0.0029179454874074173,0.00678943472381313,0.0010727492814112368,-0.0015688523895717715,0.0046767297928081005
0.012984163196572328,-0.00570083397893936,-0.011996788853387385,-0.039321273592159166,-0.005210559873483854,0.006554060219260364,0.009290324798309057,-0.003517362587134597,-0.03651258313910264,0.007200667726191276,0.0019111400052809406,0.004820357537943764,0.02305992214209955,0.002137786969580497,-0.014161554109299559,0.0074928545043264645,0.007584139973737647,0.003464055739424859,-0.020885667817502115,-0.017683371012494786,0.0020764103799149032,0.006757288043665829,0.00816320815404022,0.00857302560275884,0.013467921809550532,-0.0008462352636702981
-0.01730660865705085,-0.011129897462445476,-0.021682493572412632,-0.014217821075898137,-0.010051030978480577,-0.010281066335567713,-0.024267860442880783,-0.013060485471150574,-0.0067028984591259964,-0.01453655891434963,-0.002452360714079809,-0.02176708703683727,-0.06631980605459238,-0.012798840984913858,-0.018535787169052225,-0.018061062681314608,-0.015914290153521544,-0.017483361314011417,-0.04778140884079342,0.019501977012171958,-0.002072107833700704,-0.00885611828124722,-0.01848273430843306,-0.013104274793449463,-0.02702083764795842,-0.0144005484399976
-0.007760152977640221,-0.018076280459060984,-0.01861702857663165,-0.08304202389650077,-0.0361788069907323,-0.01692964449829867,-0.019725491187081768,-0.032903879429816665,-0.06903705610802978,-0.01886177493894026,-0.02704444413387432,-0.0398916713541464,-0.04039003886760961,-0.00674370000593544,-0.00781642307793965,-0.0131797849319891,-0.02578451267634807,-0.025682922189920968,-0.014336779350826553,0.02354315118981938,-0.04908206447677836,-0.02896916273781993,-0.017611905245313825,-0.018841264682456213,-0.03212673564434428,-0.005713199006471836
0.023462140838186308,0.04237570688696085,0.04878053485085149,0.024540049558915863,0.04473440017536538,0.030088606979840306,0.030809296698072038,0.021371197245024398,0.07819602956637398,0.03092902359606896,0.03490606738658298,0.03634465192643176,0.03773588658449207,0.02960390168509425,0.03689508704604076,0.029436147419214638,0.030112385963227763,0.030324174076973017,0.03704522482835482,-0.07101777341110241,0.057462970636319666,0.03828712454560431,0.021218391558811618,0.03328440840079668,0.038896640298843495,0.028800202028786182
0.02698914428589293,-0.008663748081694511,-0.02497849321461493,-0.03931998477952818,0.003444167928505691,0.01752570625682806,0.015589567690708375,0.011973749634628718,-0.022228047928060084,0.010385887165787457,0.017238287812062002,0.01660899571507365,0.00979011228223842,0.013530691767477423,-0.003234726210053532,0.012560080141955877,0.022687713642620275,0.01754603895200112,-0.025293572385513132,-0.013927586496579823,0.03570247509721183,0.017430376644948627,0.01397094660261621,0.018508646140773525,0.018152838088372283,0.025678883209313184
0.02427431688966115,0.01546212967934631,0.05653707914487492,0.07785462248600818,0.034181946100089684,0.024991592461411225,0.020373959927304883,0.03262819964062952,0.03355870196130145,0.012809428139374524,0.020335364653040363,0.04095290103681581,0.0761773948781646,0.011681183105609956,0.016226310434963278,0.010557056474057584,0.02837025803969177,0.02892400486167928,0.03058380553917875,-0.050219670173995,0.04292998827435587,0.02625040083772077,0.013071788978267631,0.02551095848253433,0.04123018830530627,0.013339006743418095
-0.007264399178838576,-0.005627168509766588,0.006688982915206478,-0.009401595310741388,-0.0074677651211020575,-0.005271879942095256,-0.0002735168568711208,0.001736218594554609,0.0010474293027735537,0.001483209674080236,-0.0036713399202495,-0.00306926457421699,-0.028743116058603413,0.0032989989715177344,0.0009124423897719279,0.0015666567046700188,-0.005185776425371692,0.0,0.005395581421388242,0.014540610248350147,-0.011858957404731628,-0.005833834778554868,0.003836138319529533,-0.006815351266990007,0.0042808806096218685,-0.0016202066288639775
0.00316597722747471,0.01098533064949673,0.0008306115516101545,0.03634256289901314,0.008220745663673458,-0.0016563002797367597,0.004924678370326735,0.003812749642008104,0.01883344317637974,0.009588363396316558,-0.003685086564675,-0.01504354572576614,-0.004858600616973303,0.004932289452511755,0.015040913040130131,0.009126789197577546,0.004587165609939953,-0.003459771239829654,0.006261227614068255,-0.0013029879127637186,-0.0058072436876178005,-0.0037917294932733048,0.004342599855239565,-0.004288890127333807,-0.006180686105973136,0.0107505895766982
0.01086403025628966,-0.012512302652613279,0.01742739177431639,0.0,-0.0006911119787395179,0.004645118799020472,0.004356293394603765,0.0013813290983838802,-0.010012860150570985,0.01181391478218998,0.0051076755140541715,0.004191313198294301,-0.00932099536174161,-0.0024539785863726435,-0.013471022484646102,0.007493467450607249,0.012245863987904686,0.0020614265821504952,-0.00977762615165638,0.028375746964364405,0.01098114318663498,0.00570928497720925,0.01349010684657538,0.00465198146609381,0.002573498695150616,-0.008629498465559259
-0.0054762550219142215,0.01600520627430756,0.030179488537089023,0.0,0.017839849264818217,0.002972264117422074,0.010571927105677592,-0.0013794236603428493,0.021784179233722608,0.0017550320960496143,0.0029788079581331943,-0.00728639288330155,-0.003449730044752057,0.00492007232546597,0.012289561685549314,0.002821060775212434,-0.003895851949604477,0.003139820121815036,0.024236820660379944,-0.03964477376374294,0.007626561715372612,0.0021624496820310327,-0.0023891424684317863,0.004287400815376977,-0.015401291387401568,-0.0042509522316331256
0.011166649922641329,0.0091894382825324,0.0031670715180303318,0.0,0.005434872562080429,0.009219533120640451,0.006169416920937595,0.015538825890683528,0.0002536871514265897,0.007770346658284239,0.0061144669135862065,0.01574843180668967,0.007507874881875141,0.004487947229481522,0.0008990805305484953,0.0069053301444553065,0.01564416715394509,0.011656806264514472,0.00964071029494669,-0.0075958353658352,0.005504663893168786,0.009171012317827704,0.01368469458000694,0.007855152366625871,0.01607648748267119,0.0040657918444815385
0.0091601028861642,-0.01170737812344408,0.0,0.015814415828565985,-0.007972914224132387,-0.005546472378048018,-0.003732418263065321,-0.00578047485512503,-0.00811971212784406,-0.008995156585040324,-0.002778148570329356,-0.013329560759196005,-0.009370724504038438,-0.006904970601124843,-0.007187767460304916,-0.008635914458147088,0.002229526096138641,-0.004907728801006356,-0.02517345518743879,0.0009984128585927632,-0.0057025973011514755,-0.005167522206877466,-0.0047250671788966175,-0.006099739791577436,-0.011331882812928587,0.006884095730627469
0.0007061796200461534,0.013162317046804014,0.0,-0.004705558095917517,0.009807729928014295,0.005577407313654325,0.00802787011855018,0.008891928029908291,0.02200065575302897,0.004576565455529323,0.00470129853840376,0.016780619420978058,0.024774808976528912,0.00940700071560927,0.014027246346694337,0.0071740050830072,0.014762448871418497,0.007933846906378963,0.027604465234626074,0.007313811360727096,0.014911677607208669,0.005015295877734556,0.006782047549045635,0.00460279562171345,0.018598566793695585,-0.002815304739937229
-0.014815450746561909,-0.020785997168941896,0.011049670683916778,0.0,-0.019020402937905682,-0.03197392707707078,-0.03583744361101405,-0.025423642712197988,-0.015769746588986867,-0.029764697518405714,-0.033275600270524903,-0.014895124608629146,0.018681237062653427,-0.04294975888240355,-0.0254351799450953,-0.02721945239395535,-0.02809885955566627,-0.03425139935734749,0.01906392418660164,0.04389436121214446,-0.05944850331529885,-0.03136695085511531,-0.029976380392033937,-0.030714314902666,-0.010191143951352876,-0.02198016178686551
-0.007161235358035063,-0.006301854145203532,0.0,0.02293189497690213,-0.013338900114565113,-0.011796276296959023,-0.0011014095356650427,-0.010434753439656608,-0.021617433688358702,-0.013382478734595138,-0.0010756285932211054,-0.006246909854932199,-0.03818762613888381,0.002963621856696239,-0.0073258038001747785,-0.012290935478130557,-0.014353175043092978,-0.0071595831727420045,-0.03911554128974906,0.00853618737208045,-0.01514068702156941,-0.004415779316849293,-0.01961802197679196,-0.00892859290973691,-0.008150899042937875,-0.014020593026682493
0.030396821176937438,0.028704943475141888,0.00858702439281331,0.00038883797075491515,0.027456410325233518,0.025163983901618697,0.028390622973246824,0.014059690348977687,0.02703397588396168,0.026810572907112327,0.0193825998147877,0.02250157824934717,0.01615077710588546,0.03151797342612889,0.025538430067215928,0.030446256438310438,0.02715391353933197,0.019222880323401376,0.0221241295755001,-0.04608141708393694,0.046120256264069084,0.012936564298813971,0.028734011968962737,0.025171891229090956,0.010955956435240584,0.016988029206976604
0.025974206425920583,0.0029201884305311843,-0.04411756806996293,-0.02461138985511321,0.0009495100871951938,0.011033070979278845,0.01450931195424884,0.02255797659352849,-0.003290179276869561,-0.003012792463299834,0.006602109660235229,0.014670968938066268,0.01633546408747213,0.008193589107425167,0.003605275721071511,0.0028453291598313536,0.008718562032120108,0.018019124280083888,-0.004329145116514037,-0.01807432191557321,0.024959066992439414,0.017000274410796115,0.00586506195429984,0.0114344563538021,0.013502014330690329,-0.0002058059525664472
-0.014530931389261544,-0.036881307371930114,0.0,0.0048428964151331685,-0.009757321847892714,-0.014219636973323155,-0.02328038055021384,-0.0047522792251988785,-0.011173228008184715,-0.00849293774930002,-0.012034286422203907,-0.0008250419386761343,0.003040818793122757,-0.023567485936385527,-0.026044096263101287,-0.02011858223328797,-0.012663119669320004,-0.013516601746747441,0.0255107246165182,0.0351406000029651,-0.018206677349761342,-0.013525661793149823,-0.020751249630782027,-0.01404594565487902,0.0014801922042421913,-0.014615084689706372
-0.018802581779273214,-0.013772152064078358,0.008097102293086734,0.0,-0.010264188456487845,-0.011740988912667477,-0.016251342594794736,-0.014324601169366397,-0.018746841007594446,-0.01128442630479761,-0.009237107929244202,-0.0015890487784575773,0.020701557326271502,-0.014149137407051884,-0.014753301607157826,-0.00737044967638157,-0.014454484122170697,-0.01196163606465689,-0.01633720310972302,0.026511484275753897,-0.03824732246039101,-0.008683717747219094,-0.013134817201318342,-0.0057331118117270275,-0.008868263156979994,-0.006267021739893783
-0.0027735573492799733,0.007493160772687805,0.024899627047131084,0.0011028082825365376,0.0011062473201815402,-0.002715576223946328,0.007433873105514799,0.010034546847524016,0.007851203192821133,0.0037251506190252846,-0.0006274204932939828,-0.0016606750835764725,0.028937615695056183,0.00506538753435012,0.008891026855402969,0.001856463514645038,-0.0119808714202258,0.0007704698377363218,0.01398615916889096,-0.008503987454049164,-0.0062666523386950106,-0.002489777438709085,0.006033767491119685,-0.0041936649601633244,0.009373774387560615,-0.007988359831904894
-0.01795188408171847,-0.013184661638814729,-0.03134805156121098,0.0,-0.003038782615769272,-0.00034014900105683684,-0.00847218463032356,-0.0023979963092404,-0.008828878294555541,0.02724256527479332,-8.977513307381697e-05,-0.001663537037261413,-0.01896907359812891,-0.015959743641879996,-0.018089042312622632,0.016410719691259595,-0.0165169175333875,-0.004398964093206132,-0.025862098923091832,-0.0057179077049115705,0.007276220940665847,0.00027745800213117047,0.026283308136489582,0.0019303293774623601,-0.00548764012920745,-0.022674209007397025
-0.016014510285382085,-0.024665966841796703,-0.00485429681021617,0.0,-0.014269938834103626,-0.01191709468426885,-0.015435489925515316,-0.010989153903356771,-0.02357857480824007,-0.017449516316073797,-0.011482889578811271,0.009303589462214731,0.0071037745912144405,-0.0217669537144372,-0.02361827493054797,-0.014322784296062981,-0.0065901472895648384,-0.012482082934528212,-0.06548677139662518,0.023961636523851217,-0.015410581743607406,-0.0110895926083172,-0.01753178257760105,-0.011033294101069048,0.009550006162547994,-0.006504733524399346
0.15479604311026787,0.022128644960338062,0.03495931953112133,-0.002379274440338777,0.0456783435262542,0.08683667715186605,0.08286650587273803,0.09340291792057273,0.010732390050592809,0.10444380032336296,0.07078673810493948,0.061842120097428586,0.06765723812606785,0.06239103336020298,0.011127071799963336,0.1006602955018049,0.12925321246398416,0.08154364783586804,0.003787814696894342,-0.12636502730565075,0.1247249859718248,0.08522570349240667,0.10741762131813798,0.08110501461962683,0.08072324140851067,0.05718038086132425
0.017809657836845967,-0.006185617173679834,-0.007069892112396376,-0.017711356434557502,-0.003225876005247761,0.005073078071521882,0.02352668712094476,0.01841854091932001,-0.020705984460668875,-0.007791991695435484,0.0055937615361777715,0.033622703995054896,0.059421483492326885,0.008213485938056927,-0.010047795774459856,-0.0012001899227513802,0.03183632242032088,0.008997833120575269,0.016981051401662624,-0.01928575745948649,0.015220474250066462,0.008438868376394744,0.001421726096967839,0.0040948989181937,0.03559622351368391,0.02477287638276484
0.03784497722886277,0.013139648662295918,0.028481009985284588,0.0,0.01860834104261166,0.02460553098335673,0.02778461540286586,0.03211692085970086,0.011656248578590591,0.028628481200344086,0.02351453516893564,0.020056549716494503,0.0124354095083818,0.023217952603779745,0.009183190267075023,0.025234347978581317,0.030486593837530617,0.02357507418671673,0.014842455810948813,-0.03459573378935316,0.04326412951992032,0.023994531461694904,0.030761986602889767,0.023001644619914517,0.021224634927022038,0.01631754521990909
-0.01716003779150642,-0.014675734081530787,0.009230795763777671,0.0,-0.0001322663109158781,-0.0015394497926253872,-0.016465938245160117,-0.0021146059656780704,-0.002143579363873541,-0.0006247448416682878,-0.004611346846874628,0.0015359982286713705,-0.003899902928540229,-0.013933119544896896,-0.013888937775542105,0.0009376544137182336,-0.0229906139395568,0.0006010014545536193,0.019195536421088174,-0.005658183107490164,-0.005748130702741165,-0.0013342978477810085,-0.0019896537440828774,0.0015945978389745679,-0.001839263463740241,-0.02477708070580441
0.0580532987127851,0.011430601456992005,-0.02362807538856674,0.04847141214710835,0.02303708290588432,0.02251003440436286,0.028735547877821243,0.032092149108297836,0.04108470120518802,0.00791746566948545,0.02266715313631033,0.04042942998303276,0.055982551768177284,0.026645104393547173,0.016998707670892833,0.0074941604667058065,0.05016424547701901,0.026921561651568192,0.0600896992437124,-0.03490134559446122,0.054098551605927456,0.02404818524475822,0.007514380148674229,0.01862758244686457,0.04072238595669495,0.0396341562512894
-0.016914321373849642,-0.014383545780631637,-0.016393364744051987,0.0,-0.016435794556180126,-0.02231608262362844,-0.023560793177618274,-0.022293833894202208,-0.001805407880808689,-0.02356528575316812,-0.014803477859561171,-0.024529863380268076,-0.012820595461997871,-0.01887531195034429,-0.02101239768389901,-0.025104671091081502,-0.028139643396190787,-0.02338947429499134,-0.016074317205832356,0.017688572327376813,-0.028011640350572763,-0.02291271387748028,-0.029375954507496044,-0.02188174296520573,-0.029213901684582176,-0.018768280292974258
0.010071419419903329,-0.009729053241637309,-0.055555626166510635,0.0,-0.002105486177760997,0.010972560024804637,-0.002487611278298722,0.0015000310177460292,-0.0049097433713182525,0.003669341838725047,0.0015600844062454294,-0.001148333153141969,0.008073009111347746,0.00023699981256428482,0.01821707594864855,0.01213573408153917,0.0041198632051108,0.006679643534294716,-0.014617354535837263,-0.005793682421880278,0.0022168701970341712,0.012382382210512835,0.012863525645267573,0.01271917190306784,0.0032660349566279033,0.010560050109736045
-0.01712559280898185,0.014818395606166396,-0.001680587376592516,0.002062727456277406,0.0011612795941967774,-0.012867672732915085,-0.01208288426740321,-0.013805813775852058,0.015420560747663575,-0.008427057370973176,-0.007350716995291355,-0.012394981876482504,-0.029595973354097468,-0.011656023447697957,0.001926848490150268,-0.010665945400955987,-0.011436655878102308,-0.014318206091534346,0.006604213052133671,0.027583546350240372,-0.028244733025094133,-0.012012231562886907,-0.013542978478172523,-0.012224219484317627,-0.01711575049779602,-0.012260268058313144
0.003805603699127789,0.01230222538017701,0.05980568096453336,0.015095685770994594,0.016985167425405286,0.013656112590594094,0.012888683432400594,0.014294359291733947,0.015459847768650734,0.0223458093885844,0.015176740719447909,0.00564960076923801,0.008337643202979082,0.011386819433261348,0.008653722272627697,0.020124542015975792,-0.001265413506446423,0.016846307007726928,0.05861775665910601,-0.03478262690009963,0.039585494950300296,0.01115205252962664,0.01972552794985509,0.014786407382177943,0.003334503942176758,0.012011833335653685
-0.002106232422461766,0.00416667568950747,0.013731878745860458,0.0004223903131329965,0.008742174531894947,0.0021432776401951654,0.0024949937027853105,0.0074961321552079185,0.007104730348594272,-0.008492349850447325,0.0016338212657332125,0.011052737896295508,0.020755068915600642,0.006031359909931604,-0.002383120138991868,-0.009629010173305945,0.013031701105046223,0.005853277951235635,0.00578515309087941,-0.0019585254319440977,-0.005183382241112339,0.0036487703231449595,-0.002940436551559204,0.0012669071909139859,0.017725317336374526,0.0011870399671123884
-0.011819287235865323,0.004495180733803953,0.01513937217963439,0.01773635314107674,-0.0010348283785050552,-0.001222287927622641,-0.00696878358460826,-0.0014879627031227985,-0.0017635924102109922,-0.003159180675611928,-8.16052133910308e-05,0.0037446668699020135,0.0012269601013670801,-0.005595520650343771,0.011944507527995054,-0.004742644453670779,-0.01893868331455572,-0.003846457436638093,0.02136404076386569,0.005494585171621807,0.010019973935714695,-0.0004956870603994046,-0.006363402299897477,0.003479991425353411,-0.0061683800625722705,-0.00987947384872593
0.03972670841510748,0.017900150697848363,0.02119312179187218,0.011203407859543804,0.01618545968855125,0.017742619656245774,0.031579073549714766,0.01937391647275394,0.010600782390185307,0.00964851687028307,0.014763576980867303,0.02316632473873914,-0.0063024909361165254,0.02411582395880409,0.01416433128542408,0.0061949845904640775,0.02021492836287342,0.0243563111011,-0.0008045464517017617,-0.04293529276467508,0.025793578327014118,0.015458209465425875,0.00812231396824193,0.016550962163883215,0.01551661647195725,0.015565768785667056
0.0024239683431360928,0.0043964742998251,0.007686372566645042,0.0,-0.007008108791944822,-0.009918977570664714,0.0024294283798056873,-0.005847937915746726,0.0012486519934266991,0.007533385184781327,-0.009726042187096459,-0.021759537387092787,-0.01937988795349534,0.0,0.004189908388530083,0.0014207211274507685,0.0024989495429974203,-0.009472136758726922,-0.016103190026021008,0.022022888266730958,-0.023210744126075374,-0.010175862190322285,0.01781860028489099,-0.01349044788893664,-0.014200971595354444,0.0070740995728910926
-0.005328130748384582,0.007407294118618751,0.0335622448947724,-0.023840719171277683,0.008982319702220984,0.013661299307863384,0.003393199009278059,0.011470601411875772,-0.004240475535483975,0.022085481459900955,0.014123526515070222,0.017434175739013673,0.020840834356116642,0.01020387776235924,0.01390827859589216,0.017261830093643384,0.008012882701107671,0.017759486449098763,0.007365089090784767,0.0003989791982025362,0.027722678490814456,0.014474910554942329,0.02252987775456771,0.017447451525631322,0.01312916441219138,0.016390193931495194
-0.0007829265635774861,-0.00233951930404802,0.0044280155774666105,0.0,0.00953828897916292,0.013776520580618649,-0.0009660098345004453,0.01221294149987104,0.009519039614494056,0.01842437986322897,0.014486821257647931,0.011403752061455778,0.026223195592865168,0.0011655790357127127,-0.0013716362125890465,0.01882849524982368,0.0010598139824036263,0.015340404559703353,0.009748233837998605,-0.050658141477557095,0.030635979255496174,0.015079115947687238,0.013696648063812027,0.017920322591700982,0.003779682362100269,0.0044154635553818825
-0.0004123043327837845,0.0023450054896591763,0.0066127420414306935,0.0,-0.0018895015870330548,0.0005909076234094546,0.0050769979882950575,-0.0005746365274990106,-0.004962857232231679,0.0011307487685365922,0.0024458911586549828,-0.007477855990497844,-0.0036015167476645157,0.010477372502391192,0.00045771435833419014,0.004334949081815401,-0.0024703408757748052,-0.0024551497869866466,-0.01287222214792017,0.001680660395895513,0.001682630151066656,-0.0009584691835902892,0.0005876462886534338,0.0,-0.006993075136570503,-0.0001911469932530699
0.004537923885504767,0.014371700122838327,0.0051095584627631275,0.0,0.010728212097278622,0.007086058575011304,0.0026464487624057995,0.008048455518773697,0.01645889701441981,0.008835951924805609,0.006532314687615884,0.007651853047247224,0.00929438172203791,0.0015360200535048962,0.011899557732648804,0.006814910472288355,-0.0022996416790680195,0.004638329019693779,0.01711491399521261,-0.01929529262480344,0.017170409681367953,0.007514675592956301,0.007192165903814231,0.0065262723816561395,0.010473056188962512,0.0040144877379876326
-0.025872794349456302,-0.008237192512451377,0.013071810716655608,0.0,-0.004620396945506167,-0.007915682652947785,-0.013435852124467716,-0.016253230365995845,0.001717503339669321,-0.009614902679120392,-0.006724580522761529,-0.02091226373993309,-0.02967259895319478,-0.009969359182033314,-0.0027140063906522733,-0.0072202295129861855,-0.0221631921377551,-0.00970495250444408,-0.009615359663859456,0.01539779632112146,-0.020366965277398816,-0.009680255954952177,-0.016176076445095628,-0.007237747160557033,-0.02626862423746556,-0.01656494392397623
0.009275025715541887,0.01926908513863129,0.032258083936428886,0.05510945918613177,0.010538218328731695,0.0020686031185138554,0.017996147296551506,0.002608657439324865,0.022532275950607236,0.01416330916363964,0.00629773878928596,-0.015452534102562832,-0.017855928484607042,0.010844341123732141,0.01405910268058095,0.013863719035694284,0.025022717657267504,0.001902895566137104,0.02346276536466056,-0.011373192837533557,0.02041579709041197,0.003926061119084472,0.014071808236505137,-0.0024301925144870964,-0.012479393907544377,0.0164567688166041
-0.03508774731201264,0.004237274353994168,0.007638888483877698,0.012669263003801588,-0.006703928842805594,-0.01762145960795827,-0.02603929526998685,-0.02544093832295991,-0.0007184451516632143,-0.034749473295286486,-0.023468569707256724,-0.025936269416221885,-0.004008273394070803,-0.018390718827685552,0.0035779862978378924,-0.02779655151215713,-0.03679457169088567,-0.02010656637289373,-0.03636371239042197,0.032381748546215464,-0.04680604488268693,-0.02434154436047551,-0.03386370325091725,-0.013041980711532824,-0.03381681598558274,-0.03752377709510474
0.03567799255936044,0.008438791234312593,-0.02343213428090672,0.0028326404696316326,0.004624336399083363,0.012363938871448928,0.029428192821208295,0.019240637523746745,0.0031159565448878788,0.012324148340324016,0.012803499236597196,0.022934644815342246,0.00718651233472955,0.016003113745105556,0.003564817051370197,0.004150341865321534,0.024977036830483447,0.0143801913124493,0.007383215103121741,-0.02187361763917135,0.024344876115561232,0.01659546009659209,0.012269114863428372,0.00821313518720805,0.018689667647238496,0.016030042516880692
0.0020902715061317206,0.004505952692397747,0.016937231088914432,-0.0070614913650954144,0.0011197530067921233,-0.0014892856826518178,-0.002399878992797221,-0.008449806548622367,-0.00716849588615923,0.0057828190375565115,-0.0020645806536817367,-0.0010976683598583478,-0.008205487297024064,-0.003073413933527659,0.0017763057110998539,0.0018370189664290687,-0.024368386737442876,-0.004980919751149724,-0.01298559162727833,0.008860589679082565,-0.006964055545036674,-0.001131541067677384,0.004189699331712236,0.0010759767841000806,-0.01494226764826945,-0.012465941712174435
-0.028786005112750625,-0.003844863043364617,-0.009021551918198941,-0.010272695700947573,-0.009941594420600094,-0.01700474332965898,-0.017320082524741036,-0.02115765920431633,-0.003128705632578253,-0.012501892637358302,-0.017267433112564626,-0.02533431087503433,-0.002877692234502998,-0.012716717737377524,-0.0035461751856814038,-0.011230905710820568,-0.01708000744114478,-0.017327607487624783,0.0016613096192882276,0.03220418872991088,-0.02862027052656004,-0.017315219937281138,-0.015944083669289073,-0.017042821562771957,-0.015361082191163897,-0.012820478115043171
0.0227662794669968,0.012865844075096987,-0.01470586181209544,0.02075837765896733,0.014685583959123071,0.02367194167367908,0.026438230986315685,0.02581787607773195,0.0055529832890322435,0.02477844597814949,0.023805566291159458,0.029750881855496163,0.034632003826857355,0.021077153721569892,0.004893257665407542,0.02433944080964736,0.03961140563421898,0.02184558665253904,-0.014096066150822113,-0.022285317397896697,0.04312198551631741,0.023219332699430502,0.02695346520944891,0.02171196014546284,0.04758208349830178,0.027772181395064453
0.022679574919812737,0.019688754232653618,0.012082417131056962,0.0,0.021771364782207783,0.01452740326437021,0.014071162402241244,0.013462138211872286,0.040816101301778415,0.015789078032430348,0.017004011773378847,-0.003284592699218909,-0.002440693820022525,0.021406757289419032,0.0283310899050833,0.014256724986609634,0.026060341660367786,0.008148802527495358,0.01682069190053038,-0.06423533640076383,0.03030306458438655,0.014162733524993996,0.012975406710553451,0.0142178942355502,0.002978300968959765,0.015357747716316096
0.000410828813053059,0.012145774805980615,-0.034410064523662784,0.07997657722942876,0.016343771377889012,0.006136634874584607,-0.0030574556387344427,0.009529404518537812,0.03506356812723329,0.004552532793903438,0.008010068913069945,0.010679175210957471,0.03530240675510997,0.0029939728936402106,0.01980201793402012,0.010040052840570404,-0.013137064097895168,0.00846326756056217,-0.018196964162902538,-0.0093002666697106,0.008896126818879038,0.0071411457702744985,-0.001455716652904288,0.008742983838262502,-0.00612463216552085,0.012253444463823936
-0.02873563716705968,-0.008307709755375195,-0.00509090176147643,-0.004924819821692707,-0.010005789370454531,-0.015393477041975481,-0.014626087582540416,-0.010869550690955746,-0.0031201785179575748,-0.010229193401313149,-0.011417935590760032,-0.020045805485825446,0.00472647482539165,-0.013432830262956842,-0.005487616315685116,-0.009719366166395977,-0.02200931000916401,-0.01320134385856464,-0.0008424157647473322,0.013857904619256569,-0.01637569809095342,-0.01323554135004217,-0.017638297795999992,-0.009264801323612204,-0.034733922041308714,0.0001892539669705094
-0.017751550476226466,0.007136180613734014,-0.0014620300392995614,0.0244186783589394,0.0018047990932063536,-0.0020649049770857697,0.00023939878616375957,-0.0026027234546703304,0.016543783137925934,0.0017660062633800477,-0.0018729900159305608,-0.013555126981151263,-0.0003360466048732706,0.005295081596573697,0.009762415310628724,0.0004460626070888504,-0.01143367960483143,0.0005733508470358184,-0.0016863424704686811,0.00705453451982315,-0.0036589701243027357,-0.0024750904580255577,0.0035612903038852524,-0.0021116586316258525,-0.009092566600710951,-0.0018911319451892265
-0.00817553917491301,0.00770178199053793,0.0,0.00674954694599218,0.009007874371050528,0.014779774605566157,0.00981324335877042,0.01739636620900886,-0.0032988487842268467,0.028860714537976017,0.01751374203529926,0.034665795353693206,0.04067228478573042,0.009781748071755235,0.006725529128835131,0.02920853527380373,0.013768972632960504,0.013465744482313802,-0.012668796835178284,-0.027583060187501892,0.03507155777816698,0.015527466382899126,0.041253984154338966,0.01889379380263921,0.02733305278782595,0.0062523781929735706
0.018654938594965968,0.011617288598322464,0.0,0.014467221667279671,0.020473789581854487,0.013690471483996358,0.021569067247151758,0.012539077156918805,0.01456312026512644,0.012311784681469859,0.01375440759819852,0.016903169978247038,0.011950938886799422,0.020864334558283786,0.021711741166491858,0.010398609132696862,0.03513218021557908,0.0142291945832854,0.0025662525859976378,-0.02521400492469709,0.03246406289475998,0.014107735227235218,0.012496467543735507,0.011867638539923418,0.018814015849420808,0.019393592463199445
0.02810905574271257,-0.008461736382846622,0.013909237401615008,-0.012799975386557172,-0.008281929187658412,-0.0028732945061075267,0.003944380522822728,-0.0059103752224372,-0.016311522525514637,-0.009152979951401822,-0.003865784336758205,-0.00047495000891366535,0.0044685026963427275,-0.011678827390396766,-0.02329375808415159,-0.01050601038769413,0.006298159324101437,-0.003902209420640746,-0.02303761159616546,-0.001847376115332599,-0.01494845542943676,-0.003186404049629271,-0.007293242857973059,-0.004398248643038722,0.010072835888289305,-0.0024010974869252914
-0.020298192473278028,0.008229278808384208,-0.029602976033062063,-0.0011274546078138365,0.011291620716368257,0.011239160171863893,0.0018487514632984996,0.001981800140879359,0.0,0.002214478084044945,0.012707295181546271,0.00849325100478733,-0.013981575321747243,0.005539141011007063,0.0008367842174897756,-0.001950220861214134,-0.015472831600346253,0.00531658433830891,-0.0026200433314857627,-0.011106029284830142,0.032094895834437566,0.012786479762156636,-0.007205383254422312,0.011338523296626641,-0.0014774938136418831,-0.003332668841185741
-0.01141652540819504,-0.009975961742400776,0.02529771935759498,-0.0052910504248452825,-0.015119785658052075,-0.008296348934472576,-0.015455579934251432,-0.009889889784168649,-0.02210919341863495,-0.00460865640092286,-0.008189849226981117,-0.0009423417798843742,0.007734468629821645,-0.0067346308447402674,0.003285374317001513,0.0009168371563622857,-0.004839782420823386,-0.0066371708413047095,0.007005355075396422,0.005615355652225729,-0.02264650172132492,-0.01108532660560466,-0.0049848570054735,-0.0050685411205829475,0.0008273747951185817,0.004293959907842956
0.014992305935120357,-0.003969484711252031,0.01523937959477721,-0.00425542517360909,0.009370687035218692,0.003461121591794998,0.005488080173313314,0.010636207140638298,0.020557686393825023,-0.0020293547044528512,-0.0037878062245546244,0.014324435559931384,0.007994859620931929,-0.0007409918668679615,-0.0062814164663842105,-0.0017396172317743939,0.008018515256999923,0.01274125087180835,0.027826019657199413,0.00046535281290620593,0.007952279837032594,-0.00038933838606460827,0.008307207176751182,0.001470166033174338,0.025546127124910282,-0.008711794163518227
0.0008434882734953945,-0.005824575041662397,-0.002859117012939495,0.024123571417016286,0.0004724062778331417,0.004311739044444446,0.0002338414684140588,0.01470605781613452,-0.0011281251831060837,0.0220316149161764,0.009311795327468848,0.017656596195709202,0.03331217575607534,-0.0014830826859439678,-0.007163967121963066,0.016989837921812544,0.002474910799863156,0.006290557440394493,0.011679683708119568,-0.018604705177628512,0.004118092186719773,0.00997156385023063,0.020596554432385682,0.00807543389174984,0.016064936167651582,0.011032198633470292
0.008428239839855009,0.024360125625337303,0.046595035214950786,0.025112255781622145,0.01570250359472625,0.011162067228534696,0.014949758837039548,0.009475913251905345,0.022814563984754763,0.016206431623094115,0.01346136766383832,0.0047544051154017,0.001842260999129513,0.013739282977142405,0.021646892653770542,0.01542080471200831,0.005289900799608915,0.008917094788111006,0.04152528024999747,-0.0037914899537754405,0.026828416289193798,0.010917754692935887,0.01725817898026784,0.01121463096976965,0.017587450273599422,0.026632125029803184
-0.0016715932578750476,0.011137840186481928,0.006164343817820627,0.0023117089263618128,-0.008717817316375198,-0.005094856478198344,0.01242798259031935,-0.009110962521924223,-0.000883324579748856,0.006072550604463653,-0.0036563076450345203,-0.02787908793919669,-0.03708245214389222,0.010989070107987244,0.0004154697404220007,0.007171584072743768,0.003508367933179674,-0.008200445362537955,-0.0016271845462669493,-0.016650666772422537,-0.00882000156109779,-0.006893312071259683,0.0072514162476174345,-0.009361880970285334,-0.017632749809247058,0.0050442431476325775
-0.003348742256172781,-0.011610561413552215,-0.0006807546529073879,0.013425166170759407,-0.0019935397990217254,-0.005120946968032937,-0.010002195499748848,-0.012259788505204549,0.0033155505450661892,0.010059853649396044,-0.003070824556679158,-0.026215407297387864,-0.03564608020239548,-0.012681178304374523,-0.01121272652351995,0.005444936505907504,-0.013459334942185243,-0.006614751405806277,0.016299918219268718,0.020319205074409232,-0.012424546711730978,-0.006555815717257809,-0.0028524629470490204,-0.00552493955493289,-0.01865998456803769,0.0030470796368163486
-0.004199855342442818,0.01325296693425378,0.02179834505263536,0.01494566492627856,0.010339570699379515,0.00629120431258575,-0.006429421129031739,0.01015519029470381,0.012117210376186906,0.01382255455861647,0.003380656325635293,0.005962456159879438,0.00891081447636563,0.002201876153824515,0.014279837733399569,0.01353890922425823,-0.008504593011032966,0.0050864501268914454,-0.015236601446508938,-0.0033191565010765468,0.01258085817175967,0.006288312429083903,0.01825349436518296,0.007017417615383847,-0.003621897304888261,-0.013581049094587572
-0.024462219536758333,-0.01694408882650689,-0.025999974385158102,-0.021720155387188383,-0.015931955258997318,-0.0164822413311548,-0.02172406230030102,-0.01619658895461573,-0.023508886664268328,-0.003929471703646665,-0.014899587249209752,-0.00975882840840017,-0.030258361701567926,-0.02050539842862721,-0.016149049879975747,-0.002466109962497162,-0.02680484202257051,-0.02125501961991736,-0.03420197222064008,0.013320600473324774,-0.0260243115530438,-0.01666400731436405,-0.006822618932338471,-0.014808144798298109,0.0018175407641332336,-0.012137735651225764
-0.02204919202651484,-0.007257222640414939,0.02395623279812573,0.005781442388812347,-0.0036635390605355453,-0.010979533531545163,-0.008268238974693256,-0.014760208256675228,-0.0004457857668549083,-0.01010159406850723,-0.008284545060263689,-0.009794460211515263,-0.023646508558076568,-0.004859754039562953,-0.004629708274915817,-0.009064743969582628,-0.020381971287375168,-0.01043520445533285,-0.02107925876239963,0.023474249415329853,-0.01620408051936719,-0.012003769688010894,-0.01306576842492805,-0.010462893988545859,-0.02050065548928237,-0.007702151132678188
0.009283781506620506,0.013402234032835894,0.006684472371439085,0.0068027733767287435,0.004269911734895615,0.006719504704907646,0.006669584216863345,0.00316913605154862,0.012265744429941815,0.008272389705732191,0.007204077248304962,0.004152147915522864,-0.003247681428133625,0.0018783599974090414,0.011416508123906866,0.0076923332942649345,0.00018749906818080967,0.004275127977402038,0.029285045435099105,-0.015137668657891538,0.009987728704959028,0.00492342215538745,0.009417143121385372,0.005212306686273256,0.008149633167137522,0.004250543420300776
0.04467812494827885,0.007514272497008456,0.008632175698635784,0.00033783318060232395,0.010865664411788344,0.020313256332223025,0.016564229721894842,0.01981621430049396,0.003965613369473874,0.021080315438171217,0.018947134209852376,0.02541633514765999,0.0013864791623378965,0.01874762938896844,0.011287642659781709,0.02021871751045547,0.035607116183326785,0.018635952540618242,-0.00920498631613443,-0.038658625361473166,0.03920888036642372,0.019596950805088487,0.026636122315734045,0.015111117096490262,0.047032876367333463,0.03459700177406266
-0.0025157369445740875,0.012828200340451104,0.0006582775271792602,0.01148270217806213,0.003972544014469543,-0.005972529569807583,0.009776746490315758,-0.0028161055004821875,0.009874987329981691,-0.014310870389432937,-0.003584714628210775,0.0039730129590795325,-0.01609555282474626,0.011409523098654818,0.010334921186395802,-0.010313449613621434,0.0010858179993020883,0.0014857927990445064,-0.01351347848962128,0.013565893741636928,-0.008848112974158884,-0.0048826678091109365,-0.013433488471747416,-0.003648625254606436,0.0115809984364247,-0.00017787960205707304
0.032786810457350636,0.008836543058139556,0.050000048345526266,0.010350512215345092,0.015826790955522474,0.015450429409614497,0.015905685821821853,0.022027781124794886,0.009778425502041695,0.01767238972966971,0.018886300845601226,-0.0077372233031344955,0.02726481074586273,0.010553218294861184,0.0069558481011341424,0.014916139133353391,0.024764973775239608,0.012240448125588992,0.0034246938345274588,0.0,0.03183422424182075,0.02087244089415895,0.01174734248983509,0.01640537181734776,-0.002601953858645277,0.0072940387046729
0.024826998309002316,0.007299295547890008,-0.004385958565452135,0.012392656484611544,0.014549279139217143,0.029580379130687687,0.028364093664461305,0.01796068787048895,0.006670900046612951,0.03987601351280432,0.019565979775110008,0.042202358966006985,0.0068493016431953975,0.0262872369559264,-0.002031808283147626,0.027179516690141653,0.031928180285648686,0.023293767745405248,0.015358343440139982,-0.05353724560295113,0.035912560336412144,0.021284631945897983,0.052259770941537734,0.02426182329714624,0.027076033220481917,0.01607206629184186
0.03531553655244227,-0.0023189558712060237,-0.004405346006727308,0.0013055381611208811,0.003839145112497221,0.00578027366779385,0.0013393377889540194,0.009358592916638243,0.001923890359762529,0.0010682243426732435,-0.0005049952984911557,0.019018690370000552,0.008095251884784714,0.0007568303569096617,0.01590774109133848,0.010377518807604466,0.04223892789810008,0.009619724901248516,-0.004201591751574167,-0.02474742695556881,0.011818491972722476,0.0029131611386616226,0.0047845418395638965,0.003533649307215299,0.01832061720299731,0.013043961639737991
0.010752750761505878,0.010459058396047057,0.025916572598222026,-0.004887045574205866,0.0050618806641041575,0.011767867097505913,0.022065220272020663,0.018588454596285827,-0.002560342648731966,0.026458673741007258,0.01785499217106056,-0.0012271780204215796,0.04764154787105882,0.0203508949640807,0.0008031696831651424,0.022811288095346542,0.011001698886811184,0.013891264548974564,-0.0004889842370448255,-0.0326256371679487,0.029515323631264426,0.01770645335984331,0.027193094692771886,0.013239420942556831,0.00583033272753117,0.017580173833885764
-0.007940793056434211,0.00977573448609997,0.016635947037358267,0.011306040450195608,0.006939027518245815,-0.0008114744575841358,0.004965339876307361,0.005818589518463107,0.012620437107213452,0.0004945785708837937,0.0018504589960639689,0.005568976585951964,0.015008020366979053,-0.0013754347512431632,0.011235926016225858,0.0038125308071989303,0.0,0.0021077923059090284,0.021331071970256337,-0.008029894943101707,0.008320848954909468,-0.00044100301086255617,-0.0008540337033233247,0.001668030379493289,0.0013249853749072765,0.007791340235232699
0.009919155678860592,0.0031321449800618428,-0.02545469838240959,-0.005508725603759447,0.008113740899068257,0.012723369004844462,0.004081921541341265,0.006047868624196118,-0.006759663154286622,0.010378435601169194,0.014848135474017643,0.003971925941960501,-0.017007240409309805,0.009641788840840064,0.004761892591244298,0.0064563835828585405,0.002273768805486685,0.010517142971472779,-0.006683512343801604,-0.018888235807403817,0.02340585256536372,0.01272250010372173,0.010622724266054064,0.012489695505273716,0.005458246810121834,0.011764695772214931
0.015547973893220282,0.0,-0.012437710418806213,-0.010785370724879069,-0.0024255418550152893,-0.00614804945532707,0.0,-0.00026143795692276607,-0.008932424372361776,-0.018260977430404224,-0.0018902035839139728,-0.0040118780140446075,-0.04680432434180045,0.0023874709867027963,-0.004739324437318728,-0.009811196234234078,0.006643987477982401,-0.0094535484250303,-0.011774711822978696,-0.017051776237074753,-0.0043982652480477075,-0.008641404238697156,-0.0173974588619885,-0.008771922513771025,0.0008224369988411207,0.00016607665210261843
-0.01082892111335246,-0.0005677188712325097,0.001259349596505712,0.009255937402368351,0.0006630798685029682,-0.006186109395124207,-0.008130309167986396,-0.0036601092191222975,0.010085794273637523,0.008469818490931725,-0.005330209973913413,-0.017230725911656385,-0.005079682419391767,0.0003402744789591546,0.006349230690527135,0.0047637219939283965,-0.002897665922763205,-0.007442438105890483,0.003404415188945787,0.02797982411226801,-0.009129650664083779,-0.006519113456260849,0.0056559012206320895,-0.0067754822059244825,-0.01660085408353626,-0.004982554606408989
-0.021895130281718748,-0.0019880561938795983,-0.014465361134553496,-0.022519515576365383,-0.013585115761878552,-0.011096097276317498,0.003882793509968351,-0.012595067905361874,-0.014021556300945554,-0.016193602153083353,-0.008955000110225094,-0.025900934431936067,-0.013955071110141527,-0.0095238632513349,-0.0063091723001273406,-0.013654460227457407,-0.0198578528085336,-0.010762236399458176,-0.013570836214449879,0.01905275046788004,-0.019914025767409985,-0.01157575737947449,-0.020418094069749745,-0.010719838758845343,-0.02975103090441761,-0.006509747836635684
-0.010806585641100626,0.004553324094601837,-0.014039565707754723,0.00016686953994227933,-0.008957526424472548,-0.00848388431878253,0.01375155459262097,0.0015942977422195538,-0.0017237461745699286,-0.006695656200406856,-0.004340355674161065,-0.000525979077019763,0.0207111117132155,0.006524711891501295,0.001984142197452384,-0.006729470796455714,0.010212517529413415,-0.0012484884182965964,-0.03181432235559114,-0.0021367370825422513,-0.010462415071102332,-0.007832463801321302,-0.007863188878144939,-0.007880564310311951,0.0020671552168820533,0.0026881909705095642
0.021849326643667646,0.014447503781114831,0.015534017260970503,0.02587215086435468,0.01536553259670807,0.013524769586314048,0.016320395778302625,0.015388723544289528,0.01834663203323374,0.017469988105689425,0.012719847361947749,0.013915823512193323,0.019614488179091852,0.013988373162157137,0.01425751055202036,0.016260093586734574,0.020707537065899975,0.012053616088469473,0.01953817407267791,-0.005353281260939346,0.024364210339747682,0.014134509853573712,0.018366945353944928,0.01290782102634663,0.019941672437208586,0.016085752646923013
0.02863692294200961,0.0016755132006603922,-0.009560301854686886,-0.0004880762236466343,0.011461012173086637,0.028049967970682568,0.013347267368887266,0.030572395631687562,-0.006570599696690826,0.011262592268460098,0.01827557357604051,0.06066548052772376,0.041459314781221716,0.017160258717531685,0.007809308944400533,0.011047653831257205,0.02955278670270758,0.035024348831989065,0.0008712121833988602,-0.0667382797979661,0.039640829133262,0.029357453409131342,0.00790611236830888,0.030527780039678612,0.061520156492422935,0.0018140176420236632
-0.0018559910979795266,-0.001393915800797707,-0.04182745636351586,-0.0021162853724361365,0.006930645792884341,0.010596182945866502,-0.00391013091392107,0.01064910096710849,0.0008533811420388365,0.009171779615945544,0.010047732110205529,0.021149313031117844,0.0251592939569605,0.002315468915124977,0.004262002292233893,0.006216986403211337,-0.005896058396170297,0.015086914309685581,-0.02523942492454145,0.0011532780431839633,0.020000061188472258,0.01094672847199957,0.005515388760868949,0.014947625623702412,0.014766664332319253,-0.002798385949380621
-0.003346928777177799,-0.00837511104894765,0.0255205072205922,-0.006199087445256776,0.0031683602186202264,0.0002619905042629629,-0.003719158776766953,0.00025084210916656824,-0.002558004744798149,0.016121236424116853,0.0034990185283205874,-0.0005857559795056122,0.0068343597107429505,-0.012211174053460514,-0.011188301642907196,0.01217009579782832,0.0010925313019313836,-0.005877940699490953,0.016071433412744758,-0.01497690968415309,0.008886969756088272,-0.001353382735195658,0.015845850113556634,-0.002275854821293091,-0.0017211573885420306,0.004622003529085796
0.029477629871330013,0.009290325193571279,-0.003929316440561095,0.015101916690075887,0.008603745139652114,0.01532502545125521,-0.0014516063152821175,0.017557134287438745,0.006625366242877006,0.00015975643096322422,0.005264065185784891,0.026104192828964774,0.0265351435002585,0.0046775573233851465,0.006632815117353718,-0.002404797839851857,0.00919883948482907,0.01846924348990037,0.027240668907448255,-0.0099414784967905,0.014261786054723022,0.017081733068636983,0.004030333303122853,0.017305604476123643,0.03394769958150253,0.003614870983504635
-0.006524096658851702,-0.008646937883148848,0.0046022288370634185,0.006791701509178524,0.002807546488812255,0.00233109340345982,0.011422695835303536,0.0022285757892196766,0.009970134335355223,0.001330760324482074,0.002380413986340216,-0.0050881147746063,-0.021340542662699868,0.007459055340317221,0.012938448191405341,-0.0005562709842377623,-0.0010159110859116745,0.003159448980849529,-0.007698711865499819,-0.005316057879699565,0.006892898610440057,0.0029586295038961877,-0.00023940459981797808,0.0035808834242433978,-0.010631934295584436,-0.002128317859878071
0.0029186440736312428,0.02558179188097261,0.04057858739132488,0.037627371819612336,0.031011008438655462,0.025064457756105045,0.003490783752726256,0.015521046358692028,0.028777031766198613,0.01929711403006272,0.029309968599678275,0.027448775448993903,0.020966029374106257,0.007928619562269701,0.015360883231617398,0.017068608704877048,0.003720178501586718,0.0215480799589332,0.05334182655238785,-0.04275533660758856,0.05015907948714986,0.023670929127246658,0.017592157719787137,0.02576967275325141,0.012127834584020955,0.021000703884676543
0.024809034732144745,-0.007256476678988055,0.014156989599725334,0.022373769358993264,0.02381207607932449,0.029241361452516226,0.009821878876976008,0.03153804851297181,0.015837157552589853,0.0367164857410586,0.026234191301513738,0.04286663684911253,0.05896731700647648,0.017043604295550924,-0.0007564093974458247,0.030098584476781882,0.023320687337907958,0.02693487898040631,0.01420211854788141,-0.06265523016393731,0.05665800362169938,0.030053493033463545,0.03198870501423658,0.032852407121076684,0.04595782456092262,0.026996639901805262
-0.0036206292848529006,0.017992584627694822,0.015228412185724375,0.009032467351210287,0.000510004180698091,-0.0051433022526299645,0.00851063612391263,-0.0018815292367215968,0.009516062690166084,0.00015080325172204525,-0.0001925798097797384,-0.006428756319922482,-0.013848699423295427,0.009668043731204749,0.021196112506346416,0.0014166371612029595,0.0028673984855686467,0.0006320146646116263,-0.004942489985492729,0.004632760960688467,0.0016060657320317278,-0.0048628947345546285,-0.0006836458758572107,-0.005987130228502121,-0.0020303364426541735,0.010639975100784243
-0.004275010654000949,0.0052472791776013075,0.015000050338967078,0.026133940868812957,0.00958397531944433,0.013293908762869462,0.0038174454727283843,0.004477064578482807,0.01704764000804915,0.026155646401694984,0.015675141424943025,-0.017205078232821,-0.04739614562061732,0.013405667590480664,0.0063009266761582215,0.0261715776914782,-0.00030094133699441067,0.009237455645182756,0.015728675465749218,-0.034914345359838145,0.0247934056650397,0.009237688746834892,0.01653551340902907,0.012172197577476758,-0.012350823709906098,0.003251389541582161
-0.03291595269207215,-0.033241868666072226,-0.0498768779461663,-0.02906911026482444,-0.034033487375505087,-0.035471259190467695,-0.02742186887174323,-0.03589030402764798,-0.039439875959815296,-0.018479439557946443,-0.04244160093931716,-0.04074795793428435,-0.016584851765058504,-0.0274016439999412,-0.03278077503538878,-0.013096725278398079,-0.02845092408868652,-0.03363851909096481,-0.059494813104222485,0.03412965624316204,-0.07137686197802473,-0.03395905876287482,-0.0247926328294182,-0.03310203371725996,-0.0375168017087012,-0.03379628791560422
-0.049944495635186624,-0.06251767198598887,-0.10369409395138623,-0.06675315614631869,-0.056560352285648964,-0.05516394644095963,-0.05762505518974328,-0.053771174346674666,-0.05296656947961472,-0.04509585457760307,-0.0493426447889142,-0.05043419304981845,-0.048407216027330884,-0.06411910081449368,-0.057882745767048674,-0.0412082670368877,-0.03982037454846784,-0.055452106006173334,-0.040727843406631284,0.1808580019835404,-0.1012314989296028,-0.05444559257905774,-0.045553721075192656,-0.05359661357881935,-0.056710332914810486,-0.050311597529126034
0.03465733088803747,0.033040339131056036,0.10990602113298546,0.052240540198439815,0.04698576819227748,0.04718752223799662,0.04739032854168509,0.04139866536077326,0.03902013191515097,0.06045699665238004,0.047665426019222974,0.03674090611644877,0.05021332657587544,0.04948094382090579,0.03112361252609609,0.05736654496927969,0.03759882888893647,0.048680079279564685,0.032520297330021215,-0.11794291828178265,0.09128934355882062,0.045962813953265035,0.0650837034922322,0.047148014660031115,0.03565059699788767,0.05011778731928907
-0.005645547464227949,0.009096125894052131,-0.01628666824769106,-0.0067546718576706535,0.00433953343440401,0.0012729969291907374,0.0006255676763819593,0.00469134661955951,-0.0037554697957684147,0.0016275676358087855,0.003912891680057789,0.00860889830088433,0.009687493789322146,0.008572426666735465,0.0074480398610972595,-0.000344438788589534,0.009331228167488041,-0.0004086563155646536,-0.020997477553021858,0.0,0.0006607525612989432,0.004234594176531773,0.0,0.005045895121884829,-0.0004694075425730156,-0.006085813051759054
-0.020060546534315247,-0.035475374474665936,0.0026490267819692177,-0.027666111730939285,-0.036779365057540765,-0.03000250879665039,-0.030423110057031813,-0.02752524935778272,-0.02973814793430605,-0.017282184575516817,-0.029596437208430037,-0.022254805228104045,-0.005880565781849167,-0.03105598586673932,-0.03190655386561858,-0.01895250187507386,-0.023728745946570148,-0.026489951626878408,-0.036639909360657134,0.06527251308506353,-0.060750052441335425,-0.03138403163834124,-0.012334515451226494,-0.032826926446959594,-0.01800250625082633,-0.028359641000875443
0.046350081066057466,0.048236446555556166,0.017173046326841825,0.013829245627679959,0.032166247343909764,0.04429879649797616,0.05695255691822576,0.04270925352771636,0.021584331514899444,0.02755650770827089,0.04186815810216494,0.03914950950275089,0.04078460816882664,0.054993353220020164,0.04903536493678157,0.028451083720550358,0.053661649624458005,0.043923763851948634,0.008348859822375295,-0.0814991581245843,0.08366128458101772,0.04510435118878668,0.03059119080269515,0.04419010773480751,0.040012754070785916,0.04411273778768002
-0.006275450083403741,-0.005464506406980374,-0.0006493888935378535,-0.0003448949328217823,-0.011235982027203674,-0.02284134968846386,-0.000406672213091666,-0.00824050664940732,-0.002535486443867497,-0.033790045789880194,-0.017054281019800947,-0.004123134297320364,0.0065809906933349295,0.004157366235433371,0.0007663020077627763,-0.026468606512946347,-0.007789150746648985,-0.012952578946228388,0.01563950707361309,0.02914510069452775,-0.03152967485598602,-0.0211690631676752,-0.03346290004941716,-0.02383688641777588,0.005364849675830968,-0.0125477097504426
-0.06315016662857653,-0.03730485131314047,-0.03768676395851687,-0.02129930036960068,-0.044811250034529036,-0.04317242929811081,-0.052074954136397615,-0.049608828423103525,-0.035585643335905574,-0.01735978486415416,-0.05464336222650576,-0.054132292042367997,-0.056760833792915875,-0.04872611405884167,-0.039433398803013296,-0.01754077407746184,-0.05117752722304833,-0.04781218723436812,-0.04438407884242738,0.1044683046551656,-0.091371941501552,-0.045393250708839115,-0.018207742290481436,-0.04631546441803238,-0.05351426789240176,-0.02991784867963398
0.030365540903436482,0.02373090630977775,-0.01485480195063796,0.004166641383648424,0.02570136507912739,0.019676661893751377,0.026017463165059814,0.019422575602563802,0.02415993382161171,0.01876338785455573,0.022822041703012292,0.026823731680897446,0.014177645546465037,0.020086969097593915,0.02391391824178549,0.014370246676158313,0.0278900987704049,0.024720960127560032,-0.003791455186284953,-0.03931621666367786,0.035401520086295005,0.020167146089874632,0.019122515746007467,0.02130880640316893,0.01357591753839953,-0.005969217619453918
-0.014241763478302782,-0.012030667606890548,0.01439335315325495,0.00031920722444816335,-0.016522559003494725,-0.018768189678242887,-0.021151706330422373,-0.021217524299600568,0.0010722677470336344,-0.006718505372531101,-0.021374884182103097,-0.024488075451486062,-0.01335817154484033,-0.017722341230183482,-0.0042818456445895365,-0.008101421457690163,-0.019063749720747702,-0.022868123624023087,0.0020797879260454075,0.04567004741043045,-0.051289549536462656,-0.018906084775692767,-0.0042591913209806395,-0.020460440758470682,-0.015445882130007088,-0.006004996253211506
0.0042951636019731895,0.013365119700203678,0.0,0.014358615112755057,0.014575096565686512,0.016972038335514514,0.023320491051883163,0.015225920781060453,0.02313613541518985,0.015002822851821257,0.02029176581047033,0.021923849270523387,-0.02204031605397595,0.018042089293141987,0.012118856545743607,0.01704544214519153,0.023858449521469118,0.014402135427614085,0.029665118650053317,-0.04197390001324887,0.037993977379742534,0.016193036815626977,0.020693610843234636,0.01676534093899185,0.009542269926246223,0.008726307217336395
0.009720110679171152,0.009671754833197084,-0.02702702515336525,0.011701810386757236,0.01820370451573995,0.02039723678541969,0.01986184807204555,0.019827045870987187,0.004187656927876078,0.025503466582112614,0.01871408524754604,0.020058949590003976,0.022537039528096138,0.02198876180715354,0.013132446214136208,0.024790556150145075,0.008487506275738304,0.015972246120114074,0.034386621056201085,-0.04144453034702314,0.04108788313912076,0.02127042194434493,0.026163739633647248,0.021759617481443377,0.01329703563414953,0.013142568277607104
-0.022025303218995672,-0.0037736527310547946,0.02500004809455437,-0.01094462908164644,-0.020032300813681438,-0.030633292435562526,-0.020295117011645446,-0.03090723954160904,-0.0029191032735165798,-0.04587872580530046,-0.029419791317873777,-0.0009464042738349406,-0.02770780960174636,-0.021836843705567332,-0.0026687255909067322,-0.042930201906353736,-0.02126995104607178,-0.02736651236738602,-0.02336042356781814,0.06423716136080512,-0.06892717029082783,-0.030923544495551267,-0.0459161332365618,-0.0318781912374654,-0.01233192814113206,-0.042693024992148935
-0.003858743474898553,0.002331055837267823,-0.010840121022750024,-0.004872582395704237,-0.0056050641968584895,-0.010444623990862972,-0.005649737160067665,-0.005401336877601455,-0.0041822946780639275,-0.02601403795360864,-0.0060062659970310855,-0.016209697610316,-0.014896404736470591,-0.007879164101841047,-0.009174300137484836,-0.025097873777546086,-0.009380839437011458,-0.020011960601297275,0.020239296725636496,0.012768570241393846,-0.010895584338745271,-0.010782570812901349,-0.02568247271282724,-0.012706736939018705,-0.008804305808177513,-0.008061725212118719
0.03557322099186324,0.0037790189360548147,0.01712331221940009,0.010266877660548087,0.026083069347162185,0.0346414185951955,0.021464669719703646,0.03387654298304118,0.012809669577989362,0.043480651750833335,0.03400780211921437,0.03338138508534805,-0.002301062965982541,0.019854428993728118,0.00308645505064654,0.03815958752747637,0.04324484177357032,0.031503606763190674,0.0351668394611675,-0.06303742749535582,0.07243083977395846,0.033362886089039374,0.05022558707191869,0.033905298824854165,0.03698325288992544,0.043748930209368486
0.01374039514911952,-0.009556797183371879,0.014814719621309216,-0.021575923840449557,0.001400334058930701,0.009678125685423523,-0.013597036811348212,0.003501665584550005,-0.006427523881857702,0.00317437729798338,0.007270893065893114,0.002226149004634701,0.0006589770865294763,-0.011356256108569466,-0.0019230449767555977,0.0012311347003928718,0.016036429624471518,0.008375668645626886,-0.04094076685942835,-0.019571850604615075,0.012804441753750086,0.008980237144053124,0.004183108405295905,0.008298801343011539,0.00467218058612683,0.009774775149625709
-0.004894481701804914,0.008771898637763242,0.037160000743470915,-0.02077352226480941,-0.001075589342424793,0.0018134952047088352,0.00647444320655069,0.005982023641621542,-0.019616023227945204,0.01074840886775245,0.001889026650392968,0.015599124752664725,0.02700030112401968,0.005907425101294138,0.0026975209445712204,0.007728696589665266,0.005062436537814162,0.0007550790585447862,0.003633096285093976,-0.006238259103336241,0.0033342375619317233,0.003107983424280185,0.006304824119258464,0.004778991886911219,0.015656283207949415,0.0006562308729893825
0.007945464005795037,-0.0040579823804127,-0.02111330537420272,-0.005548202441404673,-0.003876433720080157,-0.003620424786428473,0.0041502425506599275,-0.0004954459631318786,-0.005534218016902715,-0.0008945819079580365,-0.0010773500180375182,0.00025435546824439633,-0.025392697149991192,-0.0006526059227911983,-0.004227619079646985,0.0005229287034998611,0.007703740345992851,-0.004191809321778702,-0.0018100644446311734,0.006905319200370801,-0.0004153911885893584,-0.004224980964145453,0.0019020748520124976,-0.005681100915377039,-0.00335744042084086,0.0016396327997116082
0.0189565421867468,0.0017461747116789884,-0.004575164845083811,0.003610032267032881,0.010053006964478145,0.01946547058817159,0.01549915745155517,0.01883983158446096,0.004066759453704203,0.019596122787525847,0.019615866793657042,0.004372744023099243,-0.0002632408108531854,0.016976965395430848,0.00810505679680852,0.01602791731383539,0.02881518245336278,0.018774242140308074,0.0009066733595265602,-0.03990040073826985,0.024518613156424368,0.018456953651731202,0.021217178156077536,0.01567897697806159,0.007656882391242226,0.02275329789967093
-0.002394611137814543,-0.010168491175340359,-0.028233729274015133,-0.004251118918003826,-0.008133579841706902,-0.01603856755755009,-0.0056980474486331475,-0.004866138942968434,-0.0012790937972453845,-0.03014627471906379,-0.007735166916158269,0.012504425388324084,0.01316229433449448,-0.0060995480838178726,-0.01148541658395538,-0.025720177672264304,-0.002429482598868641,-0.010329745944340057,-0.016304414963945617,0.02532472533298896,-0.007301311691926919,-0.010693011368737914,-0.0277746247397846,-0.017268484943855942,0.01914881587854961,-0.0024007570379063372
-0.00443134374561186,-0.016143248205200283,-0.02702702515336525,-0.016420278074986444,-0.037117039521183934,-0.023639336352424142,-0.009005399467461655,-0.02493884621334372,-0.03457842121512759,-0.025550774193502185,-0.02625091189538437,-0.027350079421302995,-0.019486866843588843,-0.020025780568780332,-0.03098372959768936,-0.028511113147079787,-0.006875654005453479,-0.022463555567026103,-0.01749533381541525,0.039898482031690635,-0.05393620891197747,-0.028354840054435133,-0.0190424751656938,-0.02953701280379235,-0.011332995321264602,-0.02230070570147239
-0.004982897115793807,-0.0008949057040134283,-0.03472227318661625,-0.07212026319806232,-0.0031069983035548364,-0.013304997723696478,-0.004656678125057067,-0.017468792640053802,0.011536202779961108,-0.006555167915434357,-0.016763589053133573,-0.04266690382422162,-0.042961322347127864,-0.002448268104226881,0.009592801234026631,-0.002439051812561865,-0.02206786465435947,-0.018583487622435137,-0.0477975059582937,0.029446183945114012,-0.014233507488122925,-0.01899736312719982,0.0,-0.013496784187884872,-0.0461290284235195,-0.012748802495448856
0.02066698017173969,0.020005898768480364,-0.028776904072040883,0.0701631573336127,0.0018204770948428558,0.007820895755941555,0.02016211966384368,0.011508932895848568,0.016774760646683925,0.008307350123376194,0.013069333995704284,0.014976406678612185,0.020731715217096127,0.01621981102771927,0.014005637823723124,0.010378887266172776,0.0296897478788056,0.00881335093324542,0.003382481797597839,-0.02190616005552033,0.013148146991903259,0.013654585489442074,0.008607795626378837,0.007399265573013928,0.016793373210715837,0.00016636186156237262
0.004386041595443965,-0.001756517914110901,0.008888880444303505,-0.0060369091100166365,0.016240798971091937,0.020872488136634112,-0.0028525333017812623,0.013906453715651291,0.0019798250702507576,0.03310435834896442,0.020468630326275224,0.0070563717994222485,0.00908718962679513,0.002280104551326632,-0.0003946794317331269,0.033699734430914084,0.004160115772955915,0.02041344875220873,-0.017892597293412558,-0.03753045507385642,0.039654005777097726,0.02020426906391562,0.029472091081583114,0.02203429067912093,-0.0032720255216675802,0.02079170709014016
0.004730692197147798,0.010850520785625024,-0.004405244529565935,0.008931759468869968,0.009387527410589113,0.007339448175217947,0.009603705476449788,0.0107231743457129,0.0032931442856190176,0.014247118674991196,0.005132741124095481,0.018439519131564504,0.02620972036783857,0.009424737347738526,0.006316648095271949,0.009762816512721805,0.008714331751732139,0.015003742770139904,0.003036446095508373,-0.01383646047889293,0.01067963926089398,0.008221806203770913,0.018238104215742682,0.009355989542885551,0.01782091139015567,0.014665195955485578
-0.013038799710240016,0.010443881179342234,0.06120941084675624,0.0036118700095471093,0.017604108722922254,0.015352469390798696,0.0028333391664312657,0.0088823550138129,0.007439772904854858,0.0034994814384854554,0.01256455380209614,0.019864423675018957,0.02586770508633625,0.002897644897334729,0.006669276317019757,0.008287390344860356,-0.00028329708485873805,0.014030463029006651,0.009081660658103044,-0.016581547219287285,0.018800550289089456,0.015387999573646944,0.0015197967949988794,0.02109083591185913,-0.007679282835946456,-0.009153631671800213
0.009908301218156931,0.005167922952791127,-0.013203606931483735,-0.011184831338996866,-0.008486654506241812,0.0012813755021385158,0.01453079659550948,0.009537742539446559,-0.00803656869794037,0.0008841738496660937,-0.0007298918713065678,0.013441598486612177,-0.009894663299829009,0.013804224756478129,-0.0019485125021861329,-0.0015411439882798872,0.020257808465206518,0.006012175928914865,-0.003999944961335988,0.0032425050912456496,-0.009294140033533916,0.002025272875712453,0.012356401059452096,-0.0021051191253996728,0.018418283875534614,0.010210659322049663
-0.0021803070015979555,-0.008283256633161944,-0.011971885685796685,-0.026940195030025427,-0.0145944950372572,-0.006398834181306481,0.0009946356037106071,0.0004844958994480528,-0.024304660231737867,-0.0044656600063678106,-0.0035195242653527203,-0.0012012165865852534,-0.007898120413498893,-0.010766362837548287,-0.010152258895607277,-0.008403340636240394,0.01457933053143456,-0.0027016246819303647,0.004016008775401838,-0.006464180522089472,-0.0012236816498258588,-0.006412100142162775,0.005567320396233904,-0.010283414578572413,0.007902545355523965,0.005134002300624772
0.0036417486923518796,0.004032239790074995,-0.04704197346323208,-0.018995197850333986,0.00968816635048323,0.012879981374108913,0.006160685105937984,0.011864389090219384,-0.008752339120860937,0.013210533837987351,0.011861867093604818,0.0135798363108951,0.012510166686907031,0.006722203766051507,0.0,0.014354852441747688,0.011906486616560092,0.016910219813814704,-0.017000017174473754,-0.020169167686395758,0.027634112200668717,0.013327790843411812,0.008304960041160036,0.01611824232667399,0.010253400991435034,0.012769255512653557
0.01777937867018914,0.002868529007327735,0.03216153023734528,0.025717718474425645,0.007499750224692284,0.0058495620658240354,0.004345162996483486,0.006939588651744325,0.021960616721462604,0.0056433278363580254,0.007903169649937114,0.0056854420605110065,0.021822799770104016,0.0015897798120533115,0.003944680650261202,0.004433081081384957,0.012442417336886495,0.0040361070229208845,0.028484249196975637,-0.011288132885053452,0.010862388932696008,0.006229991659143445,0.00865887584529592,0.005768214173950821,0.0071642035065859816,0.014342113281443653
0.004634560584444215,0.008295220424349391,-0.010144930122286368,0.003097581970489827,0.007991262942627277,0.005309605590916069,0.002359921316184444,0.009980863195300735,-0.005095263988751896,0.003676620414740136,0.007971703693363424,0.0017206188884427071,0.018844147216129318,0.006666687035693555,0.0141453456529993,0.004413447379785032,0.0030723865922058337,0.007235923305830293,0.006923891533613579,-0.012760258742672422,0.0266019492346746,0.004884501783887432,0.005758035308005379,0.004953157712762495,0.0038529085019052634,0.008079483373511885
