BIL,DFVL,DFVS,DLBS,DTUL,DTUS,DTYL,DTYS,EDV,FLAT,GOVT,IEF,IEI,ITE,PLW,PST,RISE,SCHO,SCHR,SHV,SHY,SPTL,SPTS,STPP,TAPR,TBF,TBT,TBX,TLH,TLT,TMF,TMV,TTT,TUZ,TYBS,TYD,TYNS,TYO,UBT,UST,VGIT,VGLT,VGSH,ZROZ
0.0,0.026168863253551743,-0.02781848462664711,-0.0438401775804661,0.0,-0.02526954177897574,0.0,-0.05456852791878169,0.017109488825948944,0.0034269419619279103,0.0035157691178860683,0.005865686456985253,0.0023953524063249714,0.0018088010477326718,0.00990664409157596,-0.014665388617000103,-0.01368101811376731,-0.00019694333069003502,0.0036503445783953718,-9.082553046516772e-05,0.00047097019405699814,0.011286179818221257,0.0006578293580660423,0.0,-0.021359184466019403,-0.014931792961905737,-0.02790461793639154,-0.0049071788345036215,0.006323004865228688,0.01115455341099793,0.041418639315188716,-0.041578224903293125,-0.04276726883559178,0.00039217397498102034,-0.0018789204393027208,0.008548761901962652,0.0,-0.026281286189335274,0.027781003331159376,0.01370539285133805,0.0034943124653616085,0.011844216509891313,0.0004908302139580845,0.021708050217634244
-0.00021873316359573148,0.014613136907744682,-0.04367466278895578,-0.09402205455600704,0.0,-0.0279985827860353,0.0,-0.06778523489932885,0.034524348778800416,0.01317282442111488,0.006239396294429443,0.009033207567693326,0.004054182754534851,0.003894115417846849,0.010404282583381231,-0.01581397737827398,-0.0069354139575205954,0.001646684813098673,0.005235313239956513,0.0003538048049097346,0.0011190339455678167,0.021920489566762263,0.0016429322365970386,0.0,-0.09567463906053014,-0.022520515376542902,-0.04462431461751793,-0.013032802979019934,0.01460456489491529,0.023535412350312427,0.06273364994636554,-0.06905703658378108,-0.06603157551281222,0.0013524371214393876,-0.03623520788465977,0.034308742683695825,-0.04107254156708902,-0.028340071337170782,0.04754010878545164,0.015663601704832452,0.0062946382522495155,0.021886570040394637,0.0010801626565669895,0.030434869572679518
0.00021878101825999015,-0.008330937588251862,0.0,-0.009609224855861536,0.015197567696159524,0.032005653200367995,0.08127257268473674,0.019438444924406016,-0.006504224326411514,-0.0038522954069389295,-0.0007745066541634872,-0.0008139876185070187,-0.0012708313596576234,-0.0004913599404907128,0.00016161048338086576,0.0014178697673118182,0.005674421649934528,-0.0003936252749944857,-0.0009055352392733252,0.0,-0.0004707003583469456,-0.002901371723424362,-0.0006560475360503378,-0.04367204396910269,0.01847378121023293,0.003987565851515647,0.0076484315847682935,0.004639549656533889,-0.003383110373626701,-0.003726677445991303,-0.013336116064435464,0.009985689943601082,0.008793517886294809,0.00019572498120388115,0.0,-0.05229261643405484,0.0,0.00486109774781755,-0.012109519918986044,-0.0037337574046866526,-0.002862106097381979,-0.004688859279813681,-0.0004901284529388437,-0.006687445076239479
-0.00021873316359573148,0.0045564571597698405,0.01968503937007874,0.014877102199223715,-0.00928148161909509,-0.015161957270847737,0.00024731116636554304,0.01977401129943498,-0.007949399450284323,-0.0008057202577227914,-0.001550418257450846,-0.0009052050376081887,-7.972317976627349e-05,-0.0008185636800434325,-0.002062543654983129,0.0028313910601368074,0.0031249564615903514,-0.000984831563970965,-0.0010876925460863037,-9.080165442970059e-05,-0.0005881527724069715,-0.004495934954897863,-0.0016415854757627967,-0.007455669694180479,-0.005600991193493871,0.0035304995849556897,0.007318989228001666,0.0024867288975213148,-0.0013435788131107163,-0.004579835307902021,-0.013306948164519638,0.01129931034220897,0.012901005164397057,-0.0007826651261143947,0.006347622485877029,0.05126615276809506,-0.003893828228423648,-0.0013821463295198716,-0.009737553449323444,-0.0009775637748999136,-0.0007551509105499503,-0.003842947253189536,-0.00032720328724103454,-0.00969784918706595
0.00021878101825999015,-0.010063883342428836,0.08185328185328189,0.07074563416188656,-0.009670580235720807,0.08642403778866345,-0.0038314915915713134,0.10387811634349033,-0.013041169191464513,0.033059185068833416,-0.006599499363564364,-0.01150448508318256,-0.007476285100900919,-0.005736940953748579,-0.009447515612450596,0.01835300627144933,0.007917964693665775,-0.00177477819291138,-0.008167144655571824,-0.00018132880303888297,-0.0017665397451317422,-0.014479092477986425,-0.0036171614498478905,-0.00970272270101027,0.07452335355285969,0.010993735533563304,0.02421964200620169,0.006378502091378458,-0.01189711877820084,-0.013879163063463686,-0.037697746330382455,0.03445081165734181,0.03476761953189802,-0.0017628045964105219,0.0208638143224978,-0.03525266121390118,0.014569978176736702,0.030449862507571163,-0.028806334397797343,-0.02022505595420166,-0.007709956563753945,-0.013814924010719563,-0.0017994970941216024,-0.015296088107340391
-0.00021873316359573148,-0.02434131009973134,-0.01213418986438258,0.016071489051874385,0.0,0.024154590149906285,0.0,0.04767885821831875,-0.012019487551002895,-0.014985951139117952,-0.004298485303501698,-0.005185926438990189,-0.003032601083277543,-0.002945480653570681,-0.008942310442422248,0.014787280053617171,0.006653831294269097,-0.00031381857062712834,-0.0031123248861183567,0.00018157762944076485,-0.0008633143368693582,-0.007025974382666111,-0.0016501857720186144,0.016434924666084757,0.022983952539675456,0.010874363608584977,0.01891740456356876,0.0049296413018450995,-0.004954307964952098,-0.007763528612194594,-0.029022364635841832,0.027002605614067823,0.02794413611061425,-0.0006291115832730625,-0.010456295122083884,-0.014616386284330391,0.0,0.019476162086039944,-0.018463205078841385,-0.01398367980656172,-0.0030938580655752303,-0.008619511167117514,-0.000525864481975516,-0.009944865271459692
0.0,0.008218344705288198,0.060693677745664774,-0.046865846514352716,-0.007171208312920388,-0.04088047298366266,0.0,-0.0718563430026142,0.013615923882544902,-0.01315369296842127,0.00667210442818999,0.008671944284161577,0.006919800199778527,0.005792743615706059,0.009022996881659051,-0.019125522679631687,-0.00938170535685691,0.002372292940128297,0.007351583730940841,0.00018126305485893188,0.002481302018988048,0.011968099425567202,0.004628205280971671,0.0027985074626866733,-0.04481675030284776,-0.01290881715442295,-0.02707587049432258,-0.009110173819253248,0.010459233177986771,0.013347909703160313,0.03966371308688306,-0.03856260927526721,-0.03754051745897928,0.0017679091662381504,0.0033621298010339056,0.015451270753594662,0.0007005457494036315,-0.026350605523796925,0.028276613375117037,0.017896234794922243,0.006886279174097737,0.014412812128055463,0.001968472070017386,0.016021821341205826
0.00021878101825999015,0.004512445611897245,-0.06403272942667815,0.012292501536570268,0.0,0.015081934426229503,0.0,0.02580645161290325,7.947024791103188e-05,0.0035330335635136313,-0.00039014862595387537,-0.001371996425771636,-0.0014384016802027216,-0.0011518033226592598,0.0007683508059889992,0.002785571842878753,0.0094705553164012,-0.0007892911378166112,-0.001642372499297292,0.00027195793041612145,-0.0005895220259390826,0.0044344732588217145,-0.0009873083082006914,0.0027906976744187105,0.0,-0.0039232063913676824,-0.006891047554439725,0.0053041531431222136,-0.001284901224732411,0.003719147286139462,0.008745035766114195,-0.011850573575590459,-0.00806987914511513,0.0007844642335217782,0.008616381405607719,0.008723946522503176,0.0,0.001353225085325576,0.004484927559900574,-0.005473602377548824,-0.0007601510337842508,0.0025152094695025115,-0.0003272915077960253,-0.000490222181038146
0.0,0.04013906563863024,-0.05858802765647751,-0.044930118089260215,0.0,-0.038759658874665925,-0.005086799133667379,-0.0987421383647799,0.016512072486541126,-0.018883036681611842,0.0050702936322529505,0.008700468125542999,0.006001889211620917,0.004942379297332167,0.011038037146517077,-0.01805571061700283,-0.017910446997422374,0.0009873365622011067,0.006396401432823632,-0.00018125599293927682,0.0015332512340980413,0.00789425670974866,0.0026352086780939013,-0.01824366110080406,-0.034787314818635784,-0.01181619705539002,-0.02295178998862269,-0.01160748330020933,0.010434831619696905,0.008800360431879137,0.03272655899785162,-0.034593978409347505,-0.037288167408112735,-0.00019621747893808051,-0.009492067386512287,0.025945252277159117,0.0,-0.031756690651018375,0.016999685494446252,0.022855783130540496,0.006083962693251735,0.00953167312933978,0.0008188476303266017,0.012915881696387656
0.00021899287464687825,0.0015324603166962907,-0.010436837632901408,-0.03496503496503501,0.0,-0.021505342741935586,0.02319492397568461,-0.05792044661549198,0.014309217965263675,0.029032767427291405,0.004656588035277199,0.008163025193565095,0.00497512141560516,0.003706255344147763,0.007672112848771196,-0.015087165812431197,-0.010855405520824772,0.0022802762581783822,0.006191043111508898,0.0006346423665403228,0.001896013321531518,0.01187723587541788,0.001313852901540833,-0.009448787401574793,-0.06541248676410799,-0.011071725937977063,-0.021305453936936128,-0.00533798597010542,0.00834366852144885,0.012270284016936356,0.028856292442484093,-0.033444907065932894,-0.03415487122129948,0.00252899308102196,-0.029707725439952086,-0.012546503206017657,0.0,-0.011863231415107558,0.0277970931128739,0.012410228735282877,0.005567281940625982,0.011729154182189729,0.0020952758895676814,0.017909865696284062
-0.0002189449272678665,-0.010989025052010416,0.0,-0.001976284584980195,0.0,0.01923073422971384,-0.003534442283932685,0.04148148148148152,-0.004883171477085196,-0.0038041210968458397,-0.0023174412874834897,-0.0027962926447895127,-0.0021394232889655764,-0.0014716372823733335,-0.0038068654445730533,0.007180542657886524,0.006145697710900149,-0.00019708678197515744,-0.0025298028763239104,-9.065258551105658e-05,-0.00011745049667167187,-0.001051462656296047,-0.0006560475360503378,0.014308393821672637,0.01326619335470287,0.0022391544129473865,0.0033490426650735765,0.0028621825673897784,-0.0018968335977256015,-0.000984719285815759,-0.005405426170179463,0.003954512763355764,0.004374739055949239,-0.0003912978135789738,0.011358037958940095,0.0164779918461988,-0.01470073462547861,-0.002118607733430675,-0.005296670508327947,-0.005483962906565353,-0.001956843882528481,-0.002829850446295143,0.0,-0.003984316324699369
0.00021899287464687825,0.0,0.029296875,0.11221122112211228,0.015829076379283945,0.024258760107816676,-0.019324877218080218,0.10028449502133713,-0.034974432977750214,-0.015592665571763413,-0.0069685137013984245,-0.01040135885385203,-0.005558973123110664,-0.004584806862121771,-0.013980149174840013,0.01901148820342795,0.011518324607329813,-0.0013784200012589632,-0.0068841982472781045,0.0002717760667257527,-0.0014114686666905525,-0.02487187254397628,-0.0022980297854822878,0.0338557993730407,0.1098419864559821,0.026362756204874733,0.05257304859617864,0.009989318850340344,-0.0140785135677769,-0.026690969646394527,-0.07659968493210728,0.08074846488252195,0.07985480492737644,-0.001956440051211538,0.005859351486567639,-0.027539030398012015,0.0,0.03043168176975123,-0.05120651279187278,-0.02059685755849785,-0.006334066567034753,-0.02295177773265513,-0.0014706749956264525,-0.03672297499702832
0.00021851593339140702,0.0,0.014421252371916469,-0.008308664688427394,-0.004992450983130072,-0.0180921052631578,0.008231429284110657,-0.04589528118939889,0.012107714202653554,-0.016647794030188953,0.002339042320543101,0.005392217998218981,0.003274028512427435,0.0032901116568397762,0.005971257302417924,-0.01212693778695517,0.0010351966873706397,0.0015777203954402091,0.004378022589431685,0.0,0.0011778966528678035,0.008637382701780697,0.0016452986064714847,-0.02334751364463292,0.02835296749786424,-0.007836120648801834,-0.016649057806896902,-0.006005076686170229,0.0050691565510713145,0.007946291930402673,0.023209265429333818,-0.025968138506046397,-0.029243739636338837,0.0021563333515001166,0.015533902122543691,0.006226034883519106,0.003907696913282972,-0.01442303699647721,0.016119473931709496,0.00827960487466917,0.003338813831814659,0.010356385936753807,0.0013091464693604962,0.008887194459924962
0.0,0.0,0.0,-0.06582878909807237,0.010643211675986431,-0.02445557788944733,0.009772402759643924,-0.043360433604336085,0.012042369607826037,0.02712034845496373,0.002333665974186536,0.003727333590422824,0.0019901617596242687,0.0008197571808283553,0.007420974166040323,-0.009915143506072322,-0.014563900379179744,0.0,0.0019978942999116216,9.078620024262834e-05,0.00011806733180109695,0.006422286970119403,0.0009853811937749796,-0.007451102373520781,-0.09216771787311236,-0.011408636775641032,-0.020961934667424,-0.0074625868903312,0.004120235397004575,0.008270321843021539,0.03006290761906145,-0.031805413502013394,-0.0270082650067628,-0.0011735529076480743,-0.01864225273065953,0.019960218343588482,0.0,-0.019512280754726483,0.02115162105902687,0.011824664319443404,0.003025527207593221,0.004749810835729994,0.0004903051408079044,0.013583358440726605
-0.0004373652893748328,0.0,0.0,-0.043561819346572696,-0.009327561165524837,0.016140074995189782,-0.005145142906228537,-0.029036827195467307,0.018833718822480437,0.009761497527236476,0.005441760619230054,0.005819604011852308,0.002451566985030239,0.0032794490448296693,0.0032410229829077227,-0.007153005029410019,-0.002623611603689796,0.0005514319639165309,0.003775477585086496,-7.260736556346302e-05,0.0004585524805540369,0.018010989907208008,0.0006563306092150681,0.003127963813824295,-0.03703707899620566,-0.011540206013269862,-0.02772450453848706,-0.0035803899077675523,0.009350408505554398,0.016070297702031403,0.04130234318918935,-0.04057967697297118,-0.04056942990331773,0.0004105745856128657,-0.002435557814102073,0.019960694300686404,0.0,-0.008528853515861317,0.024856179698476203,0.007790888459520394,0.0020578581045525807,0.015395903679981247,0.00032731288104491564,0.02095532954855609
0.00021899287464687825,0.0,0.0,0.06028131279303418,-0.00258159461143784,0.044609665427509305,-0.01477646859717356,0.11232676878191096,-0.016397432839800073,-0.0031695088167831443,-0.0069549504186729215,-0.011362610661463829,-0.006346702232222688,-0.004908512074522453,-0.007509575881697436,0.022094185053842117,0.01972823409593312,-0.0019691859605304746,-0.008136042325369183,-9.064390100424852e-05,-0.0019999190253768887,-0.015340168774825778,-0.004591639592113641,-0.014655441222326124,0.08714927601809942,0.014818081188975362,0.03020883235703165,0.012576393068002454,-0.012075189407198908,-0.016102488830084725,-0.049782392822681175,0.04783481221489914,0.0448813271911759,-0.001958876756015292,0.004882809487948858,-0.07501907545142256,0.0,0.03082449739299068,-0.030316595220845125,-0.02206477323628956,-0.00828866890076813,-0.015962398130699954,-0.0021241933260049504,-0.019729454959123
0.00021851593339140702,-0.007876188688500324,-0.0048634493078937155,0.006317119393556516,0.0,0.004852766095114885,0.006624159314481752,0.007868852459016341,-0.007312876474213179,0.007154149216084265,-0.0011674201526447538,-0.00027352934493218606,-0.0011974673738894995,-0.001315296382186517,-0.00029667574575048387,0.002349568912070288,0.0004299226139294071,-0.00039465130583464736,-0.002187269463092848,-9.093344252502535e-05,-0.0002358952717188253,-0.003062269838529398,-0.0006588235806570002,0.02056962025316451,-0.01939565551467797,-0.0004423553898063742,0.003836722216376601,0.0,-0.001278790410390857,-0.002304919529629884,-0.007134532793626105,0.005285876095281926,0.007809733498004349,0.00215929999017384,0.0009717968994975552,0.047708009813058935,0.003538564965795316,0.008344920386208151,-0.0062530174643927,-0.0008235425718360995,0.0003042039173883352,0.0002491910880145442,-0.00016408792356838365,-0.008602583553496048
0.0,0.0,0.0,-0.10169491525423724,0.0,-0.037025081681425716,0.018375912361858548,-0.1229668184775536,0.03683463770055002,-0.0017363220753377519,0.008570061713747353,0.011769952229861094,0.006714514482788477,0.006091534496066063,0.016898972083798137,-0.028129493726848264,-0.015470562956596453,0.0013816602005747105,0.00840329841101603,-9.036963374720062e-05,0.001650650960182007,0.024442155716263292,0.0036268039012810455,-0.03410852713178299,-0.11069605733005347,-0.0261178626310826,-0.05296210120317979,-0.012065343570546705,0.016436546270296053,0.02603026760959893,0.08311880349277359,-0.08030596124830085,-0.0799576414826928,-0.0005877311714075468,-0.024271879712694604,0.005345453512133119,-0.014456952295479622,-0.04827593683328478,0.0533676224294355,0.025548060567116556,0.006987665683806459,0.02083354827822534,0.001802014597877743,0.043222073217105486
-0.00021846819460994544,0.0,0.0,-0.039832285115304,0.001827085870889113,-0.02407218321631566,0.00012194587132208825,-0.03857566765578632,0.019023622953208627,0.0015812459967981414,0.005113570783137321,0.006545244407797314,0.003821888414723739,0.0031400552945478844,0.007871787593777773,-0.012059730296079485,-0.00218240942819728,0.0020340205093332046,0.005542562267547785,0.0006435244596226451,0.0016616671290944933,0.013159901763681115,0.001313852901540833,0.02150882825040134,-0.05736922489499801,-0.011363525582601728,-0.023926187551411602,-0.00610631066729698,0.009187914752112673,0.013713286148057544,0.03346875344967394,-0.033783756878380505,-0.037519209888192434,0.002196963089743523,-0.01840787897222933,0.04430879594519788,0.0,-0.014492725051137743,0.030973431917004964,0.010286205573140831,0.0047497527093413785,0.012905728266502678,0.0016535919027965025,0.016713774782845768
0.0,0.020272185706376625,0.0,-0.04439592430858802,0.03313069757762765,-0.021240184267208438,0.0,-0.04243827160493832,0.00989652163964158,-0.002368187559204344,0.0026933092334719038,0.0024227532136874663,0.0030885890851168746,0.0022861439666375066,0.0020246268612235333,-0.002929549935526077,-0.015223183935993747,0.0007874165839789559,0.002525315495973462,0.00018113613344452136,0.0010580081769855088,0.006705260783234737,0.002952908554780565,-0.016970427404148388,-0.0379746835443038,-0.008275942328179573,-0.012108549482724143,-0.0032526442500273537,0.004099253005504496,0.006157944235644784,0.021941125496498626,-0.022054818328304363,-0.019093054768620082,0.0007827701288928907,-0.013684869542083335,-0.0016971931585859127,-0.00822912758632667,-0.009558808111894952,0.006115834141916118,0.0050906477291457345,0.002555772252411263,0.007494943304925025,0.0008168258630215264,0.011730989016150844
0.0,0.0,-0.07706770676691735,-0.02665651180502676,0.0,-0.03850196009800486,0.0,-0.0338436744560838,-0.005196656650453172,-0.0006329640866112313,0.0019189765200291434,0.0043859825689034045,0.0019734306597922204,0.001955057929194905,0.0041433023822393476,-0.009304799537503426,-0.002753997990138464,0.0009838038434757763,0.0025186505419462603,0.00027169716517016606,0.0010573539393201558,0.001536984938619933,0.001962550685458641,0.008312020194628561,-0.020526263157894714,-0.00046357231055009073,-0.005381449337076822,-0.0010877772457281488,0.004082737529470081,0.0012538672921822347,-0.0020625587020657718,-0.00990097802086897,-0.006893821938655345,0.0007820155613453173,0.007194356094004198,0.016244766352665852,-0.00396813091305343,-0.014105402234629041,-0.001172955693020985,0.006805877044935378,0.003748549262320876,0.0010800967139034958,0.0014688175544512318,-0.004576896913140638
0.0004373705461587552,0.0,-0.06720973797188347,-0.13693270735524254,0.0,-0.0025481981269821962,0.0,-0.1000834028356965,0.05917907472129647,0.01472684038869875,0.0072765572671121895,0.007842512161532566,0.003861034259619315,0.0039025204243069477,0.0195799974941796,-0.020266936245812744,-0.005033451891605732,0.0005893744401198026,0.0039483742724713755,0.0,0.0008210014397834987,0.034147786402854506,0.0006529696462683861,-0.02219407031724572,-0.14723271643026786,-0.03710565937355954,-0.07484197759042092,-0.014518989369520754,0.015920276985090392,0.03527767514069942,0.1153701041215158,-0.10999997647826017,-0.1122906862748524,-0.007618978199050433,-0.033673489967981834,0.03513012737222988,-0.0090547132288507,-0.030873495689982874,0.08285164160907604,0.02124019294867049,0.0035853405325090228,0.032842097842645836,0.00016297203321023152,0.05716891572851793
-0.00021875893405288435,0.0230651101422106,-0.017467248908296883,-0.10698096101541248,0.0,-0.002189781021897764,0.03803490232884188,-0.05560704355885076,0.03020231824393823,0.0,0.0060933809521296475,0.007687605565395523,0.0027031077227839995,0.000955159242819498,0.009318949096884,-0.01210887141358131,-0.007207727089582322,0.0006911321681626615,0.003952767665565828,1.814757380287149e-05,0.00011742995691787846,0.020540672030289645,-0.0013048512308524009,-0.02042804798962387,-0.05797101449275361,-0.0221580475067245,-0.04223531619455607,-0.00405152503801164,0.0093324704456242,0.02343398512310709,0.06367922706433514,-0.061173637881754825,-0.06209754470809535,0.008681031652793653,-0.014255459924690647,0.012030879257410488,-0.006213425994297646,-0.01864801207791138,0.040719577551012465,0.010943149245992032,0.003785430285449732,0.022129546481524928,0.0002600906273305852,0.037981231150966785
0.0,0.0,0.08622226666666663,0.21725888324873105,0.0,0.043891770299926865,-0.01667644118199791,0.19038272816486765,-0.04851709898855119,0.02153553303571977,-0.011350781421675634,-0.016519979687662383,-0.008619592136286451,-0.006964702008586864,-0.022104231832135345,0.034218571704163564,0.0133026689528018,-0.00196393653822428,-0.009625825550066469,-9.055821636023399e-05,-0.0022287504333952123,-0.033142990509686165,-0.002613550818479502,0.01986097384511669,0.1538461538461539,0.0364531735421136,0.07259168820578446,0.016272176138448776,-0.021136326249758704,-0.036281477708938144,-0.1050048491838024,0.10837781082916167,0.10642473589484673,-0.00175764886756206,0.02731646634915129,-0.041873507460832016,0.013607945569414902,0.053048345143262565,-0.07179488576617526,-0.033846609297481706,-0.00950228201065963,-0.034471267585852866,-0.001793157746577186,-0.04760239630651123
0.0002188067999952148,-0.02132281765541848,0.0,-0.0016680567139282382,0.0,-0.0007008058619199278,0.0,-0.002473206924979484,0.0035439747021595866,-0.021539810900394186,0.00038262698226946906,0.0017867695464220915,0.0012645951464113551,0.00114161840387913,0.0020337917608310293,-0.003950564604931094,0.005295669738967068,0.0,0.0010798850235041462,-9.050083079181e-05,0.0005878304538892822,0.0026366564094270576,0.00065504063971853,-0.007465076516231076,0.0191304347826086,-0.0028517387701696337,-0.0060089424024988795,-0.0018195470935209704,0.0016504780204127122,0.002962590531573544,0.006724551628335183,-0.008398403626020463,-0.004875823717926193,0.0003913463917941799,0.014077187059193053,0.0001849125847218685,-0.0014513839527893456,-0.008270837501847686,0.0032741128320965453,0.002840573049908045,0.00089894553936671,0.003181569625841463,0.0,0.0014720550190753714
0.0,0.019844574516918626,-0.011456668925668156,-0.09356725146198837,0.0,-0.016479698457222997,0.0,-0.08842975206611572,0.02882880069032117,0.0068695547133697426,0.007268739461489142,0.00847306883565975,0.00481542210433861,0.004398930542307759,0.012296085390027005,-0.01685684255346308,0.0015493581230633087,0.001574458199822625,0.0052139055676855076,0.0002715926588383824,0.0012922988151837984,0.017908526183308526,0.0026185149841473263,0.0,-0.05119453924914668,-0.01954236288260237,-0.03754367909352368,-0.010936999108863964,0.011533837269085356,0.019884867866976314,0.06064345636403591,-0.05868116277532389,-0.057461047171675,0.0007822240171304174,-0.025192796697176573,0.024810230776968485,0.0007267282825790972,-0.02274442151511464,0.041403239715178716,0.0180959930113887,0.005541235314427718,0.018792599950759263,0.0014694596938945321,0.02998874362213148
-0.00021875893405288435,0.013199088670542572,-0.03725165562913901,0.11059907834101393,0.0,0.022459929499462728,0.0,0.101541251133273,-0.03180379623635772,-0.01953788244806587,-0.008355647267939073,-0.010524413174422749,-0.005892068951595451,-0.005190580093394613,-0.01327670021482708,0.016641460739073934,-0.004729281767955771,-0.0021609780597462067,-0.005723207408063388,-0.0003622844000081485,-0.0018773578201462429,-0.024113968455042403,-0.00424415096496372,0.009810300850229015,0.0247601918465228,0.022848776404552133,0.046280943755476533,0.010320776076896306,-0.014456518189873504,-0.02514874608339624,-0.07068290597267038,0.0713368247957321,0.06899821303104184,-0.0011725001590537616,0.007911387388605307,-0.021680065567124356,0.0,0.007757975431227604,-0.047689082580275766,-0.018856332581492437,-0.0065529231536739395,-0.024095234799529186,-0.0019566483920807065,-0.03275514348589949
0.0,-0.011952713026493636,0.04471190885640576,-0.010788381742738651,0.0,-0.033821513249651325,0.0,-0.0403292181069959,0.01873971805456569,0.007591317412620696,0.003824695014688645,0.005874801011383901,0.0033558049899345965,0.0024550537362163435,0.006298605488089969,-0.009424503157431782,-0.004352073896438359,0.001267065485114003,0.003110528909383928,0.0003625656381187175,0.0010696330688155227,0.016450034044234643,0.0016394326941156852,-0.014572506948591604,-0.03995787749371087,-0.014258597685383803,-0.030015787475542524,-0.006566957975678586,0.008686545924501419,0.016926342425894136,0.04404805611523703,-0.04619085710885445,-0.04641928698238278,0.0008021493006509797,0.0,0.010526300382587105,0.0,0.006158555519192331,0.034858463088738516,0.00882173815383078,0.0036547209048481072,0.01552913064329026,0.001339385834807425,0.022060040216710392
0.0,0.0,0.0004115226506800088,0.028523489932885893,-0.024566121304819645,0.057380009288343886,-0.012182060951317537,0.04802744425385939,-0.012286990051579808,0.002982310516124749,-0.002291892780970641,-0.004627373514720446,-0.003153780472781633,-0.001953956339217755,-0.006543645796301427,0.010015040277159557,0.006244380017841192,-0.0007872807288396585,-0.003411051273014937,0.0001811000173559399,-0.0008227713499463571,-0.009567727127467056,-0.0006546118423585442,0.001971738416036764,0.0772698964046313,0.009160992781600588,0.020195405846617283,0.006977596220513877,-0.007384007973713368,-0.009780081511584012,-0.03006220001839182,0.028301789896708483,0.03152534194333627,-0.0009782014034476988,-0.0005233818732655711,-0.013706144517094673,-0.0007262005321135861,0.01377206961126036,-0.019872655341835986,-0.009681455393757005,-0.0031409442187210236,-0.009207608007828877,-0.0009796029119465846,-0.01219960604430141
0.0,0.0,0.0,0.013866231647634578,0.0,0.014334471478992259,0.0,0.04500818330605556,-0.0016536603571051154,0.0,-0.0019140569970334039,-0.0036651267401997963,-0.0028474545976218423,-0.0027729855458808145,-0.002003184108980668,0.008924075345423986,0.01015075399604407,-0.0009843177009138699,-0.0030621388683182357,-0.00018106722607815458,-0.0012933875740366205,-0.0025086966108334692,-0.001965426384670293,0.0032797638570023426,-0.01572570515475203,0.00191123167259058,0.004150689861360213,0.004376424539637184,-0.002754986050597768,-0.0025233551806033553,-0.009949819215288471,0.006116454763402882,0.0031460474246954875,-0.0017616854202779316,-0.0020942503889413468,-0.015193592146608554,0.0,0.015094308342368974,-0.01175990169899475,-0.0070955883870988815,-0.0030008979646443663,-0.0018820080666819754,-0.0009809721138406599,-0.002923063903544733
0.0004378844842988055,-0.05341852657333139,0.0,-0.02011263073209976,0.0,-0.02355312999842301,0.0,-0.012529365700861406,0.0036730936068736955,0.0015649138790324196,0.0,0.00044865880941119025,0.0006346051068856518,0.00032703282889721925,0.0020118541015609875,-0.0063882949183124895,-0.004783009346614671,0.0,0.0001804384374324917,-0.0004531997020299511,0.000470730691762488,0.0010057806769190039,0.00032814835654654435,-0.002615233736515145,0.002298908045977226,-0.00381507518177816,-0.008267130103765091,-0.002178677452352099,0.00041431918424039303,0.0019515709268691469,0.012806814649080784,-0.013374114694606448,-0.009408497445636757,0.0005883327117020166,0.0,0.0018813945214367796,0.0,-0.011152374859801143,0.008309314654214235,0.0031760181258320467,0.0004515157477895405,0.0017678885460643042,-0.00016363316971329024,0.007842102689642508
0.0,0.0,0.0,0.10344827586206896,0.0,0.01722949689869056,0.0,0.025376685170499628,-0.03444568960811591,-0.026093718749999998,-0.0031071461947661627,-0.0031019108238562326,-0.000532490502648939,-0.00016379720171775107,-0.010324348740741248,0.008902308837290289,0.0,0.0008729681637774237,-0.0003072588266475928,0.0005690948292848914,0.00023540734721147784,-0.018833800566600955,-0.00032804071052650464,0.014421533923303791,0.06903657861028784,0.02249887090133337,0.04552742706187677,0.004002944777841311,-0.006634342154379279,-0.020655244651866283,-0.06779068982789857,0.06839206243330337,0.0624151070312246,0.0010192150871195617,0.0020986454780500033,-0.015962455002898713,0.0,0.026315639942490195,-0.045579484718943526,-0.009656332886107372,-0.0005739962598420494,-0.018827988332139167,0.0009003428012003963,-0.036578968179245226
-0.0002189817955729654,0.0,0.0,0.029761904761904788,0.0,-0.007452608401084007,-0.013178527544172735,0.0007733952049497129,-0.009290241428565731,0.008182223385778217,-0.0011557409241211966,0.0008106147191122019,0.0019057339116373933,0.001146099649895465,-0.0037667871886582134,0.0,-0.0004409171075836865,0.00039400497415134763,0.0007237483328069546,9.061447337946902e-05,0.0009420186023203011,-0.00564416534744454,0.0006563306092150681,0.0,0.02553111057343425,0.005617937615960532,0.010119555415256758,-0.00036254640731335367,-0.0018094843047135375,-0.005681955122559634,-0.0180858997224795,0.015570856506984676,0.019582860419615232,0.0007832587109235942,0.032460854357716784,0.0038168947235847728,0.005813937155081287,-0.015384574499772624,-0.011299303483246158,0.002717296171351973,0.0012056655187660027,-0.005165567524824033,0.000327246865225429,-0.010416649555687043
0.00021902975910289763,0.0,0.0,-0.06286127167630053,0.0,-0.003754198080348089,0.0,-0.053323029366305986,0.016504369433773845,0.0,0.0046279086358081934,0.004860994552013526,0.0016639936411820616,0.0014717866097950412,0.00906323800173338,-0.01029425124738163,-0.001764490516100581,0.000394218664529383,0.003073572711419208,0.0005440028511469782,0.00011769337630144772,0.014836359327274546,-0.00032796699788899687,-0.008077544165507456,-0.0715481134127555,-0.014897552393241715,-0.029750996078715782,-0.00471349380474721,0.005996396168923394,0.01536183936149574,0.0456639743934766,-0.04542878805789367,-0.049269391418536215,-0.0005869893530474112,-0.005577976012817389,0.008555027972218967,-0.00036126377639723336,-0.02008924220300315,0.03137457838165888,0.0074924341571942455,0.0027090329589632913,0.013887040837524236,0.0008179261379088853,0.024408972619420044
0.0,0.0,0.0,0.16730917501927522,0.0,-0.008221993551832988,0.0,-0.013877551020408158,0.01379740655517723,0.0,0.0011516675562836779,0.0022395898304666977,0.0011076547397408927,0.0016328828549628386,0.002886750108408807,-0.0034670417053929213,-0.0039769334501517815,0.00019691899310219475,0.0014417522425456512,-9.092207357660532e-05,0.00011731341754306346,0.005085444647793386,0.002296725478719661,-0.00651469034154104,0.001408235612424825,-0.007561398985269561,-0.011264041231873231,-0.003278639045490031,0.003742616100468693,0.005042984602787039,0.016513617979614596,-0.01784645985284141,-0.014931852418012174,0.000979201967375013,-0.032126721939988154,0.020735232651023342,0.0,-0.006074383946543128,0.01615547469066755,0.004446247842942184,0.0024016833073913727,0.005955449300199635,0.0003266683164242464,0.006850183132220199
0.0,0.0,0.0,-0.06538969616908852,0.0,0.03454231314188901,0.0,0.11092715231788078,-0.03429318843458225,0.017186473583704585,-0.008051916967316337,-0.01108339341694138,-0.006322308296037071,-0.005868911304969348,-0.014104949414224112,0.0183895420382273,0.013309626738703327,-0.00216576438260418,-0.007379189648170787,-0.00036212051128344674,-0.00176368020211349,-0.025297238707133258,-0.004909943794931794,0.006557409836065584,0.10749845305732113,0.02571434324818587,0.05000003205054235,0.008771895487349841,-0.014915103200641,-0.026107357355602767,-0.0736460380538734,0.07631735385482626,0.07445380271094462,-0.0025441618074234238,0.03582735094294408,-0.04173581931593694,0.0,0.038197057149712665,-0.05480025992085073,-0.01766286146671222,-0.008235977510967218,-0.02545631903606465,-0.002287121876891961,-0.04415033497244181
-0.0002189817955729654,0.0,0.0,0.06007067137809185,0.0,-0.005676126688610185,-0.00784121510017588,0.014157973174366581,-0.02572272409500197,0.0,-0.002795022185850703,-0.002549244963734197,7.327217916420452e-05,0.0006348030824285082,-0.009926880896204,0.007320818336673591,-0.0017950963222416977,0.000705303149814924,-0.0006387580649809173,0.00038926065760847613,0.0001050997958501928,-0.014346172377246743,0.0006577738603297492,-0.004234560122652766,0.008228362454287007,0.018105813408730437,0.034056691669243265,0.004710004625001897,-0.0058881873390064865,-0.01563019422434444,-0.051831835473256864,0.05177283001155589,0.05477187177086147,0.0008231717009292282,0.008138232576188148,0.01657333231757642,0.0,0.008094122413322975,-0.031604225655840985,-0.008669019311474414,-0.0008421294365360437,-0.014098748655480275,0.0005394150437841787,-0.02006444852792613
0.0,0.0,0.0,-0.051333333333333314,0.0,-0.009066520850687584,0.010125956651298314,-0.02645113886847902,0.018224098145371074,-0.021902347368659127,0.003492367558126413,0.004809410968165788,0.0020694958689505003,0.001148040194019966,0.008211283186047347,-0.009689939351376079,-0.002149217070924141,0.0005918951468146216,0.003088009462402281,0.0,0.0009426575859783498,0.013321414321359991,-0.0003287556187317078,0.007196630683676803,-0.004030226700251982,-0.013679931138800065,-0.02710597441056456,-0.004687924479024034,0.006565823060777754,0.01307085388971914,0.03904664446152893,-0.039593432618689584,-0.04130614871534808,0.00019638534968950168,-0.008072536397505504,-0.01175344112667262,0.00036139433507949265,-0.01897807255485976,0.022732427661855337,0.009068774802983666,0.002723557584439156,0.01259413211962592,0.0008183710615241243,0.023146699948391282
0.00021902975910289763,0.0,0.044426163900705966,0.07449051300070265,0.0,0.007793968146390947,0.0,0.06339622641509432,-0.030594891156362675,0.0036788227767114014,-0.005413858676608747,-0.006953524866396232,-0.0025419356161178967,-0.002130092555699399,-0.012009098303382914,0.013698545574020756,0.0028131428571428144,-0.0003942676832406882,-0.004527377064634089,9.085299447207266e-05,-0.0004708421714181553,-0.021476320391331804,0.0009866930925981536,0.022409840129592733,0.06322711178553364,0.021728956685486984,0.04463750702593967,0.007246324287673273,-0.010942348010599548,-0.021453733284691832,-0.06447801978902426,0.06740935458350678,0.06975787550935776,-0.00019634679005647604,0.017293893213636054,-0.01975832911118336,0.0025288464347803727,0.02752981612651417,-0.044784358260662,-0.0136414161048801,-0.003470571262596639,-0.02085137978781789,-0.0004906313397576951,-0.037083075216236265
0.00021854180123856686,0.0,0.0,-0.03400915631131456,0.0,-0.0279085406859448,0.0,-0.07523066004258343,0.01585922083147919,0.0066931952191235005,0.003110420856268733,0.004910364068729954,0.0036635996485544758,0.0024630601528497303,0.006522205853189272,-0.010135122132852436,-0.008503463158738657,0.0009863655773095813,0.00418425922657532,0.0,0.0011779470130916338,0.00904504883506291,0.0009853811937749796,-0.006670902160101679,-0.035204519505233164,-0.0126696099740786,-0.023515833765086383,-0.008273398081286677,0.005247854987637192,0.009888986366581124,0.03424946459650483,-0.034968667871971885,-0.031837330687160985,0.0009807058261617836,0.004500007666676097,0.016242677189886826,0.00036049913403583995,-0.02461985633419065,0.02511231413010028,0.01171486086358035,0.0034826580756313753,0.008343541558885966,0.0011461007022634828,0.017196812062335146
-0.0008744161028186843,0.0,0.06853092038325807,0.2308733920108328,-0.03830490237686314,0.03355236942234525,0.0,0.3046815042210285,-0.10244662715815236,-0.0441664886549466,-0.02060322153974812,-0.029317524439678506,-0.014732287012680388,-0.01131387018910485,-0.04094260155313011,0.05802056667366522,0.02696724018712475,-0.002926065916769221,-0.01797053181519584,-0.00039864038980582056,-0.00246017323455972,-0.06782583899335118,-0.007876407960165227,0.08250713143588104,0.20562129163603107,0.07561876709524705,0.1580030221510789,0.03264412733189335,-0.03696252465131643,-0.07186200676504048,-0.2101388718545362,0.2395890806490235,0.2329635456221117,-0.002157166911303024,0.07018427336258865,-0.1053340629944222,0.013688643558011731,0.08463248821407943,-0.14451060591767814,-0.05998703398283708,-0.017687825783121253,-0.06557968147063292,-0.002617981750130429,-0.1132630443671252
0.0006564961024270166,0.0,0.10357545534741808,0.07205720572057199,0.0,0.045850101936080995,0.0,0.12294117647058822,-0.009432274165177851,-0.017886750283425804,-0.007131541247863834,-0.01362957878734508,-0.008304472515677945,-0.007296564953281301,-0.01197789723187552,0.029032124965106224,0.01076194575979337,-0.0017802081608498637,-0.008864504468279664,9.037529514196767e-05,-0.0020065949658110717,-0.010201743143008974,-0.002977328198391685,0.029837608853034638,0.08834355466897527,0.011930096013367246,0.01851368955947716,0.014752457376572927,-0.014452448975730975,-0.009751049366621177,-0.03157364459812394,0.02705052784489231,0.031169643500140527,-0.002358345554585893,0.008372059036633002,0.0004303816494627401,0.017057594501439975,0.04517459293649893,-0.021936153845808968,-0.029769148177825413,-0.009689191965021566,-0.008740650465363889,-0.002132881131197719,-0.007518648941253842
0.0,0.0,0.0,0.0,0.0,0.02624000000000001,0.0,0.02619172341540073,-0.0010482490641914946,0.005059005144333977,-0.0011971623479921987,-0.002650143369310712,-0.0017070640757474705,-0.0016707371990180337,-0.001224041076597631,0.0049262464385340255,0.009795528109028936,-0.0009909123894470233,-0.002049364000865898,0.00027210327894377557,-0.0010643751985943868,-0.0015743090201070867,-0.0016588088444856733,-0.009753327316313069,0.0184140917544498,0.0004210638411160466,0.0014941281088127981,0.002076940127593916,-0.002233422336023296,-0.0002479540610612475,-0.002137861310459859,0.0012743964549348286,0.0021814138544830686,-0.0009851234333667137,-0.003228761457048925,-0.0316264854445511,0.01187979345331247,0.015062153033665562,0.0006714954048474281,-0.00423198224838695,-0.002018977283699954,-0.001603405589278616,-0.0006576501921742582,0.0005411362665578149
-0.00043769282540167317,0.0,0.0,0.022575679835813302,0.0,-0.012784533832241977,0.0,-0.004083716181725283,-0.013030338306551995,-0.01694627573645214,-0.0019976063985908464,-0.0018979537925897774,-0.0002444499031474649,0.0,-0.00342886380852758,0.0040106639153694845,0.005061198020295086,0.0005952978700108391,-0.0009335311150946939,-0.0001814714113163596,0.0003551697667558792,-0.00974898982108478,-0.0009972204962880335,0.012746205098493632,0.0055719188191881465,0.006734015622408633,0.015166574028381397,0.0006907853946894629,-0.003954023921020317,-0.0100978002479378,-0.025174126827605833,0.02121344900743987,0.023320930157424098,0.0005916855325284223,0.011105877369875415,0.005998641764164671,0.00034529632290669605,-0.003225751298735392,-0.019460562992706473,-0.0024792471938199444,-0.0001555824165976969,-0.01003559303615128,0.0001647345306117071,-0.011087129049000069
0.0006784748974164366,-0.05829978544370736,0.018370039466598542,0.05418966382338193,0.0,0.00947564750473783,0.0,0.03639154279856482,-0.02534100357848261,-0.002730841440518923,-0.003286496790930753,-0.00419955300127399,-0.0010518334964475448,-0.0006908188492571259,-0.008132648941768022,0.010652365721082637,-0.005455266470834997,0.0006721403903229066,-0.001660333564268608,-2.707678622654977e-05,0.00047351830046141457,-0.010878186800466023,0.00033279590997051283,0.014016075915791557,0.06601592844357741,0.016722345364468764,0.03379860071272826,0.002761408540518366,-0.00770858447307873,-0.01556925853635278,-0.05164845849993987,0.05110088071043167,0.049832763457668364,0.0004926639425785294,0.016018437558052143,-0.0432861671013266,0.00034521224917427595,0.012297719346633752,-0.031754607911314216,-0.011006507739900013,-0.001559319647546808,-0.015439453801157469,0.0002467703960752745,-0.028803081895497764
-0.0002187486792769945,-0.04254347232255362,0.07445057395867513,0.01713474535935254,-0.02618789399404114,0.03848560821294145,0.0,0.07121667018875713,-0.030181976274246968,0.0015403046380284685,-0.0048252861425092655,-0.009083522713357751,-0.00685706793869315,-0.0058667793311928855,-0.008514487094196272,0.018006286185464526,0.014345990955865357,-0.0023785261533446327,-0.006934256913463334,0.0004532488369914454,-0.002366740653236962,-0.006306892057445653,-0.004655875360999983,0.004795430048083769,0.023270258976600976,0.00452310532099875,0.007581030675326581,0.01101556445229299,-0.0077856643387247265,-0.003063587227229099,-0.011587427520760136,0.007905257874467787,0.01070917044987662,-0.003350817394724811,-0.005855870181951025,0.023776485969283175,0.013802636573208087,0.03772378294177302,0.004523508082488827,-0.017411616614094717,-0.00764793083642271,-0.0034403825864885986,-0.0019751805543188213,-0.0006571597124534592
0.0,0.003344465625984038,-0.01892548955589069,-0.03462807512269171,-0.002737488010869173,-0.011449171782138364,-0.0987775269396996,-0.02908582640812565,0.03594314968619442,0.00768969583048531,0.002424130182493189,0.003087784803824043,0.0023014048561103137,0.0028663885009994647,0.008443893419125261,-0.012079521590170495,-0.00124796167853731,0.0013907420657262755,0.0033969307509549326,-0.0005435791970969085,0.0005929198769949441,0.010036728310530244,0.0016706892843338051,-0.017405924127061316,-0.02004982170490472,-0.011870676553362023,-0.021396504389451145,-0.005788208237615675,0.004647137444174619,0.0077682903355366095,0.029894512647833195,-0.030588223759977294,-0.033505139406026264,0.0020998268497691027,-0.005437176835681389,-0.07869216295599245,0.0,-0.022181138451727204,0.009991525066496386,0.007672595916892699,0.0014153708769019005,0.007317767093937526,0.00016506117155713068,0.0176558896658666
-0.00021853706251950928,0.0,0.0,-0.020358701907838277,0.015985758113999674,-0.01371533027383924,0.0,-0.057536896931198366,0.012492057381126116,-0.0015261997367102538,0.005808668250355033,0.0098735816032964,0.0057050236111899,0.0030263383892836625,0.007267016633722676,-0.014410443430200174,-0.009995835068721448,0.0003965499658620263,0.003385450391982452,0.000725185175696534,0.002028743995189648,0.006722116792008355,0.0023347882309557983,-0.01142862857142859,-0.049090217957096435,-0.010356237418412871,-0.019221488470173045,-0.004452060506168652,0.009625218702050202,0.011790780624176241,0.029595972959112773,-0.02993540982552977,-0.02874074940278301,0.0005925045082352544,-0.005922704668224478,0.08804621460327003,-0.011232161908110884,-0.02709519152733341,0.017416635556515524,0.019179828825705673,0.006703367920468948,0.01262039050662963,0.005545318195814664,0.002491734105035594
0.0006345741871343253,0.035555523809523815,-0.04698195541325317,-0.04205829005731269,0.0,0.01699626029059741,0.0,-0.006054439959636729,0.0222992631576798,0.01460599499650139,0.002808047136981669,0.002575989485510256,0.0006532020869465866,0.0015596782424894052,0.006900903192340638,-0.005316766183937674,-0.0012620950778292445,0.0002469527820063004,0.0028375172289128838,0.00036272282423802094,-0.0007105054372027017,0.015250779024815015,-0.0003328035216750709,-0.0040462141067174615,-0.04548736297879562,-0.012976146954958459,-0.028172606830123143,-0.005504027226791984,0.006018241237743477,0.014521960918584582,0.038695608435391035,-0.0421183104701882,-0.040268489769311584,0.0008895688091189621,-0.01970674488446637,0.012996442137360877,-0.005507694951817812,-0.01360099949631011,0.0250618024082523,0.0028525863170347147,0.002346538920970029,0.01126374142802726,-0.00328290205100752,0.03113798153129908
0.0,-0.020999372194953164,0.0,-0.009297571833803146,0.0,-0.02461264053479177,0.0,-0.007106700146867965,0.0042911060878525744,-0.0023435553283041,0.001199870178254426,0.0028544655883599762,0.0015497009463541374,0.001507923052311657,0.0028037498525561237,-0.0062361768942081905,-0.0016848778433023641,0.00019818862431465452,0.001497022911476426,0.00018118808594478047,0.0008295818880299543,0.003868860363252253,0.00166460596498038,-0.008705717025702955,-0.010779122133921256,-0.0042409091045601645,-0.009074735017691543,-0.004150727109421048,0.00351445500965042,0.0037234186278062593,0.012240526206501871,-0.012189846464144569,-0.017164636357241674,0.00039467001744573264,0.000935044442594094,0.0030886153631928177,-0.00415373627105714,-0.007222595557341984,0.008283296804252003,0.0046221619026785244,0.0012488613555862345,0.0040255625400206,0.00016445932765643483,0.006043683931551385
0.0,0.009707202281308943,0.0,0.055787278415015656,0.0,-0.006230467677910783,0.013564839750883887,0.012269939277604176,-0.014331616978324925,-0.015436208571684843,-0.0023972396700576303,-0.005408398314793045,-0.0013846186585619615,-0.001505652643981024,-0.005460256275610554,0.01075759170315192,0.003375527283732954,0.0005952507008133678,-0.0018685206061658203,9.082545619819192e-05,0.0,-0.00970602037300568,-0.001994097750743346,0.02459016393442633,0.027604663444669768,0.011925058517334606,0.022894780322858858,0.005904781597761783,-0.007004770162874093,-0.011293561579086458,-0.03312321283266394,0.032172729516348565,0.03589907598723393,0.00019724695410487908,0.01074275179990059,-0.01705356483646308,0.00034761205264446536,0.015873077226814664,-0.020803081124160603,-0.009201809888673165,-0.0026501268015659,-0.01069167911341053,0.00016470565561652845,-0.0155115184033666
-0.00021904389055871635,0.0,-0.0048971271595536475,-0.006913530864197508,0.0,0.00376175548589356,0.015390818851835946,0.013636414830121991,-0.005418517785352214,-0.0030674846625766824,-0.00040050700517368617,-0.0009539362140336208,-8.151454882415774e-05,0.0,-0.0015645726882915784,0.0013303816051017149,-0.0025232126777453554,0.0003967005669073775,0.0,-9.08172076838734e-05,0.0007103232182662638,-0.0034591321198445845,0.0019980821218082445,0.010857171428571429,0.011496818413631827,0.003367050389517054,0.004476533794093482,0.0017265243004275345,-0.0011251381175230665,-0.002584596551406592,-0.012506827679118685,0.006831836236340145,0.006556406235413103,-0.0033530061936102103,0.008780134676346037,0.0014459166156788625,0.0,-0.02148446494597113,-0.0035182084706821717,-0.0010716257431748284,0.0009377222646718449,-0.0020269878876560472,0.0003292887329201669,-0.003278718474430979
-0.00021832487924118782,0.0,0.0,-0.00546996491944483,0.0,-0.010618363522798355,-0.030842281632702633,-0.017439013452914744,-0.006446767720648543,0.0,-0.00040062566507024415,0.0008593593607649457,0.0005710652373226857,0.0003351328405949685,-0.0012533433613076813,-0.0035430005800392204,-0.007377698456058099,-0.0011891568908895778,0.0,-0.00018115526276946047,-0.0007098190173374818,-0.005785324468187325,-0.0006647564572200242,-0.013001780299553987,-0.006069336935579461,0.0012583802548960829,0.0061896731791778745,-0.002757635889179886,-0.0003756417232457764,-0.005265974170144268,-0.007158480564734036,0.008481677689151056,0.00961537680833833,0.0031664151477956873,-0.002748639798067741,-0.00024076023688797402,0.0,0.017298708295446198,-0.015616751399903999,0.0026820306088633943,0.00031229214626415377,-0.005279431404204185,-0.0001644364738645547,-0.010416666565430041
0.000503105276691471,0.0,-0.007545931758530197,-0.031000049999999925,0.0,-0.0031565656565657016,0.0,-0.025862070276981328,0.02449262625675305,0.0010256581196581153,0.005012713941400341,0.005529303587481822,0.003352450403317038,0.0026006538979582647,0.00784423027570757,-0.008444489327710102,0.001061796559779086,0.002036044351847572,0.00395016838503886,0.0005438542186346607,0.0014327180095135847,0.017269168370814134,0.0013301912225447935,-0.0028636313209410656,-0.02409233559083684,-0.01424390252999093,-0.03149592543499692,-0.003456664153374655,0.00887196872531086,0.016982981211279433,0.042706621898725816,-0.04667784083637469,-0.0451612500127976,0.0012828602334733722,-0.01469914596345932,0.01781009570234609,-0.000347491260494129,-0.009156286833018569,0.037798428187819186,0.008202513313030785,0.003780419829619071,0.016468838161476363,0.0013500219025643872,0.024469079139795926
0.0002187814529344968,0.0,0.007272694214876079,0.0061920023834881755,0.004609043376002709,0.0006333122229260015,0.016319924062558368,0.0026028632276348237,-0.009009851867358892,0.011441239558721951,-0.001596896867722249,-0.0003800027508643936,-0.00024407341470013315,0.00033455225477801976,-0.00249062455610004,0.0004483366750078248,0.0063639796351294495,-0.0001982584074321425,0.0,0.0,-0.00011792412133496789,-0.0032961757291326177,-0.00033207173970733165,0.004595060310166473,0.004929806411459807,0.003399876648758808,0.00787583539999102,0.0003468128439347542,-0.0013424474042705032,-0.003643850076013867,-0.01329793894604294,0.011468882978191174,0.009974186744452985,0.0,0.006993050172803668,-0.0014188818174741126,0.0017379188281481251,-0.001320109447768158,-0.012361869972958114,-0.0007075891748635168,-0.00015578602559160272,-0.0026832261026516523,0.00016442941457994804,-0.006939993736406874
-0.0002187335980801032,0.0,-0.01279944249423845,-0.04153841025641032,0.0,-0.029113924050632962,0.0,-0.05607476635514028,0.017643504304941424,0.005571517811919684,0.0059979205052414185,0.008460677962418211,0.004474777104984904,0.00367781649016895,0.012011723709529756,-0.018817224603752156,-0.01433389605117605,0.0017839192608768942,0.005787916553077125,0.0002723121649273086,0.001300953396045859,0.013659298266687565,0.002325514525321427,-0.00657518582046875,-0.04728301886792453,-0.012706433862707787,-0.026216207528926116,-0.008321673563967067,0.0100102549280705,0.014046129529994466,0.042048477156534085,-0.040994389776778106,-0.04268875859012659,0.0011826379721372716,-0.014814833332594238,0.024863779057404174,-0.006592605846121752,-0.02511563395900529,0.03162845427297137,0.015575209554280975,0.00591724391873629,0.013048169538883185,0.001480030738470407,0.019876486327264683
0.0,0.0,0.0,0.06795066517117902,0.0,0.05508471316818776,0.0,0.09900990099009906,-0.025563952834809174,-0.011081245616500226,-0.01073144867305716,-0.014234539615711738,-0.009638821634825179,-0.00832773405806423,-0.013901606700591523,0.028767177967215743,0.014371300871312952,-0.0031660676471737107,-0.01169476235651504,-0.0009062015167422404,-0.003544801658579785,-0.022127752783787848,-0.00530323196753925,0.003453208633093525,0.09676401156573054,0.019733937997738864,0.040124151159679024,0.013985876875418328,-0.01612436992735552,-0.021801522531249576,-0.060010325272560776,0.0591179644501249,0.06256244945704507,-0.0035445982850356586,0.019736858169331083,-0.044593310943573314,0.002095729000800397,0.033220247557222235,-0.0410960057586793,-0.02736139708463932,-0.01191957185069137,-0.02204193737119807,-0.003940881901192395,-0.029189402409264813
0.00026221749853340583,-0.011939789484874794,0.06549198803191494,0.06412830982606756,0.0,0.013283905260546956,-0.00026768365043421897,0.039539539539539495,-0.024419101721634237,-0.0011884549681339615,-0.0033068499951119782,-0.004275618799080203,-0.002037129447947942,-0.00187158049636045,-0.012218157053438976,0.010652365721082637,0.005987518974532089,-0.0004778433676188081,-0.002378959664331141,0.0003079569255810641,0.000165271883841193,-0.014922712509471046,-0.0016662699111527914,0.011184370839815714,0.057421449713923815,0.017248710707010496,0.03558991862887097,0.003448390594855005,-0.008667253630512092,-0.01570333715932339,-0.05283426212048509,0.052812283325118815,0.053867847672071874,-0.00010036500749197188,0.017050708207024583,-0.01233391706828047,0.0,0.022965950329116396,-0.034013514018602906,-0.008421371083894241,-0.0019409054776737805,-0.013941481991996955,-0.00018339265713368568,-0.02658326589896806
0.00021915248413402542,0.00910235390611498,-0.01684864327140847,-0.03248592278719392,-0.012023382566419643,-0.01981698231149333,0.0,-0.04814636494944632,0.01665591558458249,0.005779296080935019,0.004439297238255739,0.007213006781920059,0.004265893136806022,0.0037055815076026642,0.006977386357713888,-0.015371009070194296,-0.0049459300863442905,0.0011922770076195528,0.004712271695662275,0.0,0.0010673992423570363,0.012540869825522771,0.0026703230245923213,-0.014747476729862518,-0.04269125537256642,-0.011993326051440007,-0.02547449099455076,-0.004811024149144192,0.008504763810264052,0.011855042535837551,0.0342822801605527,-0.03670476862447606,-0.03655279282703588,0.0009889386986923817,-0.006343549934838021,0.0004899103025368165,0.0066223714394071705,-0.02437456941770307,0.02140847679537879,0.01355248944180775,0.004715656054542945,0.0120068926859367,0.00148514254695808,0.01911646518122856
0.0,0.0,-0.020945731513805143,-0.06763985730607576,0.0,-0.02239508414338515,0.0,-0.04653515427415266,0.02095929477733056,0.0010140612139279985,0.005624518536159151,0.007161211912014845,0.0038397086452661273,0.00302055883456126,0.013802364589992231,-0.016057102284622718,-0.008930075821398323,0.0011910627833333753,0.0048781604216135595,0.0,0.0013033945302126696,0.017193615000797486,0.0019974171377537433,-0.003454317590425126,-0.08062793147956003,-0.018417814341164667,-0.03600499789747829,-0.0072513881064186405,0.011068252072737879,0.018880456914880085,0.057303411037528965,-0.05376793498985632,-0.05552126760240575,0.0017782289456909656,-0.024623844574054383,0.040137129567862834,0.0,-0.022353728599306927,0.0365416423392601,0.013014826221291092,0.004849787654949749,0.016773502172759008,0.000988643853750509,0.029754251340243145
-0.00021910446684583127,0.0,-0.021717990275526795,-0.010438465553235923,0.02225778987577603,-0.012090391345847915,0.0,-0.006366047745358142,0.0027471816048588787,-0.0037143677190611827,0.0007993176759376572,0.0010429467106144797,0.001383462255523734,0.0016732398331556926,0.00031135464748787496,0.0004531887046377099,-0.005100263515811098,0.0003964938500840004,0.0009334375018645563,0.0005441568829662876,0.0003553044042772924,-0.0008596970783634504,0.0003321820479779032,0.010109821204789851,0.00776092355452083,0.0004264506018130681,0.0010232386029037565,-0.0059130324035440345,0.0009682897011948305,-0.0014063364395272284,-0.005313360115770364,0.001342114843011784,0.0026126736042038664,-0.0001972619664176042,-0.0032725364715441066,0.00823512193398263,0.0,-0.0060525541325780145,-0.0007825248213581298,0.002731991185431588,0.0012456434002282425,-0.0002683941800596677,0.0006583596485867488,-0.0035894475207831266
-0.0002184535410261931,0.0,-0.014247846255798531,-0.018987290030975133,0.0,0.0022544928262316142,0.0254316962311832,-0.01494922584089696,0.0013493741747051856,0.02033555398527552,0.00039909020735739824,0.00018924247430652223,-0.0006500595244398233,-0.0006680805590070688,0.003111341306159022,-0.004077902719707235,-0.0013671393811030056,-0.0011890511713241493,0.0005596765739946326,-0.0008156932681513613,-0.0011833850966206625,0.0007168431756424313,-0.0006641091780258844,-0.02459250716063746,-0.020485137484987925,-0.002983795488941852,-0.004599983424602422,-0.001049751741879529,0.0011901774131899171,0.0,0.00480745362805915,-0.0062554685689461785,-0.005863196989448238,-0.0007888774957127701,-0.004221300010350785,0.005134189462559855,0.0,-0.003382960449339732,0.004012413372024714,0.004216561986321644,-0.0004668272403942994,0.0009390984452956723,-0.0011512733537741113,-0.005133108330818962
0.0005249307607599183,0.0,0.0,-0.043010806451613,0.0,-0.02377898381172921,0.0,-0.09268297600634287,0.03252476229978988,-0.004816492357025345,0.009988317970611315,0.01412068176633261,0.00882478081331978,0.005805348854204842,0.009925624856045171,-0.023657832346932042,-0.013518138839756066,0.003454394292238155,0.009279643807970186,0.0008798734122735707,0.0032946118029557213,0.02472583026857167,0.0039877836112871354,-0.02110823743452839,-0.07225410802736068,-0.021376620706243042,-0.043132285264717435,-0.011908874666569258,0.015697435013358664,0.02503020420355568,0.0712389194897651,-0.06609710450964258,-0.06782441689828446,0.0027058822137806635,-0.012246851053449559,0.03575586724297093,-0.016274130530209256,-0.03190753836577871,0.049020885682753486,0.02169344972500601,0.009501003196744613,0.02397638815600648,0.0035921079943437915,0.04014710851585456
0.00021917552316995682,0.0,-0.05680675630252096,-0.013483146824896002,0.0,-0.009545721183203515,0.0,-0.001194802867383549,0.0015662732162536035,0.0352136360218169,-0.000395438342435681,-0.0002803422199108837,0.0006455556517714487,0.0014972770468085039,0.004180639591461244,-0.0013979545835977347,-0.0017345620873618279,0.0003959750436384866,0.0009248841049398748,-9.069225499169806e-05,0.0005906740870128965,-0.000560291641019532,0.0003312802618021938,0.019766397716873142,0.011864364406779664,-0.0013106508602452045,-0.001609877378442806,0.0017723904151379067,0.0012450667726479636,0.0005669208511315455,-0.0004964226129568535,-0.0024073908515361477,-0.002811882452286466,0.00039423404989919023,-0.007629933156279976,-0.00582839488756634,-0.005983820831841758,-0.003506321816054386,-0.0030477120298880427,0.003082273285557346,0.0010801430365285753,0.0,0.0,-0.001576628381589817
0.0002185190586838652,0.0,0.03278692205227802,0.03473809992813804,0.0,0.020604818876703224,0.0,0.02811016914534532,-0.016507361700223055,-0.007576946760872861,-0.0027702336067207977,-0.00289967719963752,-0.0021776444510636303,-0.001495038559888689,-0.006433389317415954,0.005599505075668766,0.0026064291920068947,-0.0013850467405673644,-0.0016632839101648966,0.0,-0.000826343329093656,-0.008832314124324895,-0.000992793947528386,-0.008810543577402151,0.046901216369397605,0.010498701834814514,0.01854341530231181,0.0021230983757544977,-0.005122057221814612,-0.0096324501615334,-0.029294943223796964,0.027027104607645645,0.031371067566454955,-0.0005909858835129642,0.013935608939516841,-0.01059733122537238,0.0,0.007740965517123943,-0.02025223334917247,-0.00853532870050725,-0.0021576981280263764,-0.008788288731862349,-0.0008211529824503453,-0.01947727592116547
-0.0006558420215130594,0.0,-0.010697032436162828,0.03247110621904237,0.0,0.013350765657791088,0.0,0.03897614665641951,-0.0053003892538464135,0.0,-0.003968092799334311,-0.005722513352104429,-0.0033139594373052385,-0.002994450320228326,-0.004317019020262056,0.010208963140719635,0.0030329289428076387,-0.000594089647568061,-0.004628095816610883,-0.0004533154698997126,-0.00153652071862461,-0.00905225476134086,-0.001987561133720672,0.00474074074074064,0.015999999999999945,0.006493460423613445,0.013192524776652843,0.0028249669970988067,-0.008165165317932025,-0.008663746920609958,-0.021483412888246827,0.01973689726862464,0.017088224679052775,-0.0013796333102371035,0.00521316064130109,-0.007292733092369674,0.007082178230982362,0.015363147262435815,-0.013130452345888308,-0.009125317713095694,-0.003861642330064483,-0.008601321024809915,-0.001972556975098964,-0.0055475518887135224
0.0005903859267415309,0.030948645523391338,0.02860132542727578,0.0042643923240937255,0.0,0.009961407134916264,0.0,-0.021836616918442648,-0.000799272319429717,-0.029077338708945064,0.0025079126467338307,0.003393085635868813,0.0028217007763346146,0.0026024215702978373,0.003097000799395952,-0.002756095984473969,0.0008639308855292927,0.0010113138402375287,0.0032903867342921798,0.0006440747099732648,0.0013255285380892436,0.002984254920269407,0.0006639426359595937,-0.007667295782954763,0.008267755905511886,-0.0012902264605902318,-0.0007812517514600511,-0.0007043056244551658,0.0024094046514428675,0.0029147300171551674,0.0015683004699337502,-0.0018433362974751128,-0.0016801258631228726,0.0011247797406499897,0.005657734514039466,0.006657469106503346,0.0014064389723523866,-0.01031633065121102,0.002239705011034526,0.005734077324753649,0.003084716959032229,0.003044012568749522,0.001844539603460668,-0.0005399215950858296
0.00021917290802525783,0.0,-0.04950827399118345,-0.04670918259023354,0.0,-0.030862265351574925,0.0,-0.057240987821464674,0.029064222037961537,0.0,0.005571147854538913,0.008098688905198671,0.0036433540528956407,0.002999143146450239,0.006791818035328713,-0.014279106561874947,-0.00949499352611141,0.00019825481658369468,0.004268415475009737,0.00036275152441979966,0.0007099138041357464,0.018397263598744752,0.002321794925813776,0.0029717085900915954,-0.0697384588153667,-0.018949293231719917,-0.037529272004927235,-0.00775196779036605,0.011632813918847816,0.01911178633092682,0.057933264414511264,-0.05586334046121783,-0.054190504242846826,0.0007890495380753218,-0.02062807818537683,0.023261018916003167,0.0,-0.016678242749869676,0.03824906645251898,0.012094019921464172,0.003715084077930356,0.017071491009574658,0.0008226509164951947,0.028087836436063503
0.00043756271048883883,0.010710499159594164,0.025329966987871308,-0.01726052434635443,0.007988690476190413,-0.017071504171750008,0.0,0.003035883608736209,-0.00466410956937279,0.0,0.0,-0.00046722671126476817,0.0,-0.00016615917849172255,-0.00994104310480072,-0.0023364409937211552,-0.0005229193671929656,0.0003962671227251963,-0.00036943835456554965,0.0,-0.00023637650810685255,-0.0021005911762160667,-0.000992793947528386,-0.014814814814814815,-0.0074294831862610315,0.002634004086345781,0.002978660420617743,0.004616555504511021,-0.0011720357975215686,-0.0018590368156553329,-0.006413521728030535,0.0044010711124874025,0.005338136625613613,-0.00039418321636713736,-0.003350863762120077,-0.0026743683167363753,-0.008075844753470934,-0.003533579473065642,-0.005063943184833017,-0.00034138922297922384,0.00046289140771439436,-0.0011798773104782505,-0.00032865723392335393,-0.0020139765723181527
-0.0008747314079665414,0.0,0.0,-0.0538243059490084,0.0,0.02738807523753933,0.0,-0.0575060532687651,0.02716079489588973,0.0,0.0035616921500953346,0.005327264271737001,0.002097351943661832,0.0016613503111635305,0.022960247931848598,-0.012178012411905687,-0.0003923184235767227,-0.0003961101572928836,0.003697693825343646,-0.0002719696583720756,0.00023643239517082642,0.016979932077545716,0.001325040755813741,-0.03759398496240601,-0.07425880975425261,-0.019264561668336632,-0.03806698149236274,-0.009897475912568314,0.009679676694358898,0.017330772264583384,0.058093369738460285,-0.057449054326526375,-0.05699121396157927,-0.00019707779738080595,-0.0038425738726802455,0.0055866545032180045,0.0,-0.01914903652376756,0.03931804557342617,0.015881146405050225,0.0027745711819586656,0.016147844496637146,0.0,0.02886727196240744
0.001028867283692541,0.012238805970149152,0.0,0.013173592025533495,0.0010878011216098745,0.013328998699609887,0.0,0.02440590879897232,-0.014868758862254972,0.018403864815124592,-0.0010245533579384136,-0.0013555851283661025,-0.0010143098743120103,-0.0010125541278254992,-0.005762929002432397,0.005215840052740764,-0.001962580053095124,0.0001380378286348586,-0.0010493658373065522,0.0003265850611726534,-0.0006626742372231128,-0.006563051831047279,-0.0016540066870220438,0.0012500312500001165,0.021561371268495274,0.009375069579906551,0.019085214758765776,0.0014280438537049886,-0.002567744364529663,-0.007613670399076061,-0.02909430701641048,0.029442236359450792,0.025900942311113256,0.00019673010157925536,-0.007232396822732364,0.0068889608050959885,0.0,0.00867678737521243,-0.017262515349785363,-0.00689189307405897,-0.0008312507660615374,-0.006908860934898475,6.508957208057753e-05,-0.014156512072874359
0.0002186577894493125,0.0,0.0,-0.03782499999999997,0.0,-0.011870420275906384,0.0,-0.03009404388714725,0.02469767036478786,0.020042730738339645,0.003161975339905386,0.0041951363698019325,0.0016943413465238932,0.0016621898358352856,0.0067112338437467145,-0.0075472113166792955,0.0,0.0009915758968367387,0.0016619272521363909,0.0003626749403806268,0.0004732496655309659,0.014755422431872929,0.0009937675555821278,-0.02372034882271087,-0.027411392594401826,-0.015922134787571394,-0.030570179886805368,-0.004278094398170456,0.0072195513015061285,0.015675141927744038,0.04494940028269885,-0.04766685366373904,-0.045737378202648574,0.0005921896181638037,0.0019426993500930559,0.016111241112354725,-0.013805188028371437,-0.017921130383981267,0.02715838568313533,0.008463092973508684,0.001848853237121059,0.014863160984371687,0.0003291351477262892,0.02517302825019409
0.0,0.0,-0.03549064022268605,-0.03316959255715045,0.0,0.0019481169463674585,0.01553324610973451,0.003232062055591398,0.017240125889110013,0.0,0.0015759635093552664,0.0008358163745967268,0.0002417097453857105,0.0,0.007161305185376395,-0.0028518167846126588,-0.0003496766146794512,-0.0007923766797788169,0.0005529032183718317,0.00027184689651522204,0.00035543147119033357,0.009876158488833258,-0.0006618425787650447,0.0230178701081244,-0.042758620689655163,-0.010786440018296229,-0.02130686273037316,-0.0007161213916198814,0.002896362710779609,0.011317989909801162,0.034227319629894615,-0.0331928473231211,-0.031058175869489568,-0.00019720517516305484,-0.024236682030562902,-0.005647365127521961,0.003589187008630551,-0.00437941376181659,0.01843543935380485,-0.0016784347768061206,0.0006153921996727242,0.010148957123132652,0.00016470048973605595,0.01940761834513485
0.00021876754542111265,0.0072249778826304935,0.0,0.07433290978398982,0.0,0.0,-0.015295654937185632,0.09471649484536077,-0.03373110874581633,0.0,-0.006294179881224663,-0.011039012116967251,-0.004912458175208437,-0.0036507459575229923,-0.014165099734322888,0.02287896529430909,0.006163708959770424,-0.00039668686280102327,-0.005710942620388098,9.087728195087988e-05,-0.000709756328746945,-0.020510491758228624,-0.000993780566860336,0.0,0.07588856868395764,0.021353806905105317,0.04121905026440178,0.011465538007010069,-0.015305080304974412,-0.020817255171048342,-0.06227495363693592,0.06376025118472113,0.060546091786152514,-0.00039471180121799127,0.014406361937213638,-0.019877737251677918,0.0,0.03372427680899058,-0.036509558407895736,-0.020237660506014943,-0.006454880401013681,-0.01971255496919015,-0.0004936460394158893,-0.029302292184298712
-0.00043728187101197205,-0.024300922977629025,0.0,0.07451212300413966,0.0,0.025599448295546008,0.0,0.05120665097115963,-0.01735482585816184,0.0009663713963600775,-0.005542301843150493,-0.007879430330817387,-0.0038033354594727135,-0.003164750780583955,-0.009782758244718704,0.014445499338840909,0.005126645522874489,-0.0005950102942436329,-0.00537340383566862,-0.0004531316662660876,-0.0010653540331589286,-0.01747321811078014,-0.0019893328310803984,0.02499996874999999,0.07062500000000002,0.016903914911051324,0.03429062672949515,0.008147233737556197,-0.009897063129070191,-0.01918149025956292,-0.049164700732104785,0.05225420603876937,0.05261188986335296,-0.0011840537903604527,0.021057946035873045,-0.03120114460973899,0.015021495688655797,0.021985795836227597,-0.0371839306209713,-0.01306972392121144,-0.004021599178466002,-0.016995772594359814,-0.0009875415337918423,-0.033171332402449065
0.0007656230737289986,0.01170289537275642,0.01370855027808623,-0.025316510731975887,0.0,-0.019273270142180044,0.0,-0.05487132951448337,0.005759229912925299,0.0,0.004895470731490961,0.0074588805524012265,0.0055422664916523106,0.004144839834984302,0.004013300000805849,-0.013780526290067657,-0.00341473957207712,0.0017475890944747812,0.006297681153017164,0.0010973475022409262,0.002098281441047369,0.006468663051077372,0.0,0.008841494171996887,-0.017596572429321913,-0.0043743927159011365,-0.00781680089003841,-0.004919178084769199,0.006844405791859883,0.007047216373691759,0.013052390686227969,-0.014118931878852919,-0.011343398065022785,0.0014228666088519258,-0.01055158136899595,0.02369444688245205,-0.0052853327294223075,-0.02151281938144549,0.012487115048185877,0.012371388859926748,0.005748641738961735,0.006048170575451577,0.001895385528302613,0.010865033086709651
-0.0002186592266138873,0.0,0.013167224199288254,-0.060417846438048935,0.0,-0.005154703442180902,0.0,-0.05331747946193585,0.02767661345995156,0.0,0.005553477951045397,0.0069548449040011655,0.0032354541597625504,0.002832023213207628,0.011551500011114008,-0.01257549705948,-0.004467427133934725,0.0011897979715594345,0.0040785609053676794,-9.060534594853114e-05,0.0008278978259509582,0.0188310516201409,0.004319052879360653,-0.01783016016923552,-0.06353985838454403,-0.018453473076446642,-0.038033107655555495,-0.010593215954959257,0.010164599426970173,0.019135738775441297,0.05649125733859359,-0.05530864780158354,-0.05593410604344789,0.0011848712042805368,-0.012602938351317115,0.01842704820633161,0.0,-0.018439685901888738,0.03877933095754483,0.009638759523553279,0.0041752427286306645,0.01814118436574242,0.0008231298274811384,0.030571801809597177
0.0002187070489280609,0.0,0.0,0.04687506291316497,0.0,-0.0012953044460915196,0.0,0.029411827284105126,-0.02161244193960889,0.004987883990735877,-0.0035504928006847673,-0.0029863903218882875,-0.0008870207209072307,-0.0004983928778886889,-0.007308497518742425,0.005660348969544026,0.002265499162005068,-0.0001981525914783228,-0.0016616541324544535,0.00027217651569219647,0.00011835608131422374,-0.01310358224169217,-0.000992636335717239,-0.009230738461538452,0.04790830802701337,0.014324056214282191,0.027393517720575473,0.003925800523884727,-0.006124752754932203,-0.01432115546097032,-0.04362095834840125,0.041819182084200913,0.04215725224407089,0.0003947536979645784,0.009327345943517038,-0.01721091958486751,0.0,0.013728233427874931,-0.032313179387356256,-0.002727685301104833,-0.001078022243511726,-0.012395277972798432,0.0003288384884224984,-0.02455025532166748
-0.0002186592266138873,0.0,0.0,-0.02583243398392674,0.0,0.0025940337224384514,0.0,-0.010334345876331443,0.016049594968332786,0.0,0.0015836376581915286,0.0010294788082403242,-0.00032246400949540604,-0.00016620805904873234,0.005214867770164078,-0.001876194815372682,-0.007172310679083345,-0.0007925425388686679,0.00036998633221316203,-0.0003625421306468003,-0.0010639941958769693,0.006149471207716379,-0.0009933148491387466,0.0,-0.03356405564169298,-0.010149912854757113,-0.018416898554873908,-0.0028439040483194053,0.002640723702890367,0.008394769270262349,0.030407256413430294,-0.029603604142220262,-0.029518993693468,-0.0007888303954957191,-0.00632302287658864,0.013919897211903669,0.0,-0.011404154526017209,0.02403237916292569,0.003076911718938969,-0.0006166592144610453,0.006406173225220011,-0.0006575117075401764,0.01826449836101853
0.000919109622903076,0.0,0.0,-0.035356395719292374,0.0,-0.008408796895213505,0.0,-0.0534398615823182,0.015541544760925225,-0.007364697524250735,0.005740598085571816,0.007353887372869595,0.005180969884351072,0.004309744623437181,0.008544331030510988,-0.012218118851605038,-0.000875656742556899,0.0022613389394654936,0.005738389630372692,0.0006979451822823298,0.0027352572384305037,0.01428115261292246,0.003646038304455705,-0.012422421974458964,-0.04144293770139648,-0.01248343197137105,-0.02408284913958295,-0.005704101850697654,0.009098064413180843,0.014206114184200534,0.0342692734088699,-0.03671158366792049,-0.03830262458268773,0.0022109645881133763,-0.010278936294312759,0.01638630297748019,0.0,-0.016582414463302688,0.020133443062598143,0.012440366123612255,0.0059620005626626685,0.013216987065294596,0.0017117492128485214,0.019996523607851483
-0.0002187647384916887,0.0,-0.04039336285189196,-0.009163224852582731,0.0,0.0273972602739726,0.0,0.005191434133679435,0.002592273178544632,0.0,0.0,0.00018593757798845482,-0.0004021922609757304,-0.0006626209387392858,-0.0012102597529772556,-0.00047575507569734766,-0.0050394390885189315,0.0,-0.0007362804472022341,0.0004532495941950544,-0.000590554528829206,0.0016471595941921846,-0.000990758627022202,0.0,-0.002707909361654082,-0.0013543465856633125,-0.0034434813975023487,0.00035857422223754083,0.0006537975201311679,0.0015028391179627506,0.005062098847338285,-0.004830912384946329,-0.005076205391406316,0.0,-0.0039565973504644926,0.0010893145767401397,0.0,-0.0014663242953218553,0.004964275743638618,-0.00016823947497642742,-0.000767556102927972,0.002055831910572684,0.0003288254847178712,-8.414631427178593e-05
0.00021881260697443215,0.0,0.0,-0.02466085232187731,0.0,-0.032380952380952364,0.0,-0.00903808908973535,0.0075903125562095984,0.0,0.0015743075099019894,0.0022310197141056113,0.0005631542643117256,0.0009947534682650694,0.004402828726395549,-0.003807563940769501,-0.0005726051530499517,0.0001980648769558904,0.0009208853882611916,9.072254482083972e-05,0.00047240875321020656,0.005206891284867548,0.0,-0.0009433648095397774,-0.011235954530152036,-0.00542500772237386,-0.011229335930387387,0.0,0.0033385258479821465,0.005528246670940745,0.014652089435678141,-0.017259934551269906,-0.014521107506495863,-0.0003941193396360752,-0.004965038637033375,0.0032644319505932004,-0.013460922676611652,-0.0051395604850880275,0.010481854295266784,0.0035352853735062728,0.0007681456978462918,0.004616595815579788,0.0,0.00984525842908123
-0.0002187647384916887,0.0,0.0,-0.0012642225031605293,0.0,-0.0022965879265091963,0.0,-0.007817589576547181,-0.00728482971995644,0.003387080645161345,-0.0011786917891097551,-0.000463650651713348,-0.0007236135046157139,-0.0006626585203591293,0.0,-0.0038223098096548352,-0.0009694606455780927,-0.000989495474886154,-0.0005520037932412176,-0.0008154410878501389,-0.0007086009393902089,-0.004362353995243202,-0.0006610014698063827,0.0,-0.011126940761034857,0.003181903044271221,0.006115360314105254,-0.0035842758587622345,-0.0003617773964876368,-0.004476853964673221,-0.0058664612712210655,0.006586179673310124,0.009159684812890749,-0.0001968432668193088,-0.003493042131760793,0.0030368483479110424,-0.0017953294477568809,-0.0022139099072301187,-0.007153998160394459,0.002348605858233493,-0.0004607374010898892,-0.003318729943388009,-0.000821437473535523,-0.009915879009565866
0.0005030677554479901,0.0,0.0,-0.057594936708860775,0.01102140673770295,-0.018743834265044404,0.0,-0.0636900853578464,0.026934796592704337,-0.014788587281604147,0.007283505691075765,0.009677447480263486,0.00604620234100981,0.004859961948464885,0.011479901169392084,-0.014388587080844737,-0.0030877812086458,0.002556879295452509,0.00711260721131457,0.0010338307412552966,0.002034233028501161,0.01992836102138671,0.00297705487662233,0.0,-0.06459186018673695,-0.01812417390020875,-0.0358899841396845,-0.0050358913703267795,0.012898078612646236,0.019847179330050244,0.05220166272306599,-0.053980306157863055,-0.054064745054359535,0.002031424845638797,-0.009514275494673385,0.02162634011864713,0.0,-0.024408460039326358,0.03518680365883636,0.015397527986669506,0.007070895703321051,0.01891054894111524,0.0022209295351408413,0.026510607351195502
0.00021887113733095383,0.020762301646151574,0.0,0.0725319006044325,-0.006448610768399187,0.014075067024128744,0.0,0.09677419354838716,-0.023467393161522337,0.0,-0.0074306841143470465,-0.00874447799618374,-0.006406077166124523,-0.005284897312910353,-0.012246155240841642,0.021411202444546917,0.01415929203539824,-0.0017802615626509065,-0.007506586595853431,9.04803088314416e-05,-0.0016530098465187546,-0.016411138859767353,-0.00428757786816944,0.015738117721120666,0.0826167630332085,0.017997196574732567,0.03392365631983901,0.00939979429525668,-0.012806648157243396,-0.016589116288522512,-0.05047453779226223,0.0512967586075185,0.05089708235597333,-0.0019689184124524217,0.011627817137293077,-0.02116854202891396,0.0,0.031842373467520516,-0.03213458412818285,-0.02324044780186929,-0.0071789330551319435,-0.015996740218546652,-0.0018066411945443144,-0.021316688538863714
0.00043737686137147904,0.0,0.047584224011712965,0.025047025673137217,0.0,0.046265697290151966,0.0,0.04603586956521738,-0.0041577045576976866,-0.0026105400128806754,-0.0027581515682750177,-0.0065002565601650466,-0.002417706981619755,-0.0016604315244394961,-0.005140230257164158,0.009052025534264116,0.00043630017451998297,-0.00039652567474651767,-0.0031357297039480373,9.076090334402814e-05,-0.0013011282172710474,-0.005060256963941244,-0.0013249381243393315,-0.0006197706848467036,0.022222269503546097,0.004533028911805782,0.009001308725733058,0.0053725445393900725,-0.004493239592328365,-0.00520271310680146,-0.016810629559006206,0.014802613853432038,0.014291276133296657,-0.0005920517789100169,0.008495676169917815,-0.023356493850035537,0.0,0.010286526152206928,-0.011147080675434358,-0.008100047403281284,-0.002615213659850148,-0.0049925140624335574,-0.000822487949388093,-0.0052777817659641285
0.00021855913483836831,0.0,-0.0034940949163488463,0.04092852529453102,0.0,0.0066330069488312795,0.0,0.035452320571374166,-0.025217038786111024,0.006052658170249334,-0.0027656983681266572,-0.0043927897687022115,-0.002181291597228745,-0.001662883705085637,-0.005002132559064649,0.009442839489839271,0.004361142607937152,-0.0007929574301429902,-0.002220645541630202,0.00036250767492506205,0.00011825458667303549,-0.010584128184980134,0.0,-0.008992279069767448,0.041026778860926025,0.011281661479394094,0.02388472754782658,0.003562496375790993,-0.006770747364393497,-0.011410500028714507,-0.03558225104307375,0.03349541677322873,0.032876700777176165,-0.0003950500270180237,0.013379809636785074,-0.011071621685233514,0.0,0.01090912448602081,-0.02593939531521976,-0.011398351618313776,-0.002622182716921199,-0.010806779899452891,0.0,-0.01861203540919644
-0.0008742812760224282,0.0,-0.0073632889200560435,0.032863789151186165,0.0,0.021336616839139767,0.011878292496041172,0.02066115580512645,-0.0008139656554926543,0.0,-0.0035656369171541647,-0.003755023622426529,-0.0023480105396718443,-0.0026654760794302514,-0.00275398105914878,0.0046772531937576455,0.0073816757541609185,-0.0015872551879438984,-0.002967239048127365,-0.0009060432008840054,-0.0013023037690314044,-0.00903045138818907,-0.0009950990114781359,0.035982541801706694,0.03701070777980193,0.007585920625938502,0.015739119375374398,0.0014199328457735313,-0.004911033596479479,-0.009377980772637658,-0.022520446783773983,0.023000436849895983,0.023493767798489627,-0.0009876803421234141,0.0,-0.006269602804054664,0.01223020479693402,0.007194266508421144,-0.01173212515977279,-0.0021376531481162274,-0.003247972038832516,-0.008583481847351516,-0.0016467203844514385,-0.015360803404626791
0.0011378085405455462,0.0,-0.0007063935254819709,-0.06193181818181818,0.0,-0.012596006531367223,0.0,-0.05263169157711455,0.025204991084120085,0.0,0.0057286874214575595,0.00847851388016245,0.004368719587806602,0.0037094186297264788,0.009818808101957406,-0.013500868396667831,-0.009051766851217028,0.0015698572020626338,0.005676882594048956,0.0011245083252563505,0.0014582421794714642,0.01922781938189849,0.0,0.0,-0.056126778063410515,-0.01815760724051564,-0.03735467662088904,-0.004962736141582078,0.012518953217109021,0.020347254884367668,0.055882400565516376,-0.05314243204278475,-0.05331359499859482,0.0012458364561901431,-0.0014672108516010952,0.017800830068107378,0.0,-0.017857196837907745,0.034865996899182176,0.01365361104232874,0.0057449830526576425,0.01924210923458419,0.0016987929776490047,0.03349799269381636
0.0002187121794522832,0.0,0.0,0.047849727437916295,0.0,0.016179247547580617,0.0,0.0695971348960401,-0.01919679917003029,0.0,-0.004354959752188884,-0.007673551538795647,-0.00477359273779264,-0.003498834765322337,-0.01063509290428326,0.015573341564979831,0.007872988255763417,-0.000992831023279362,-0.00500076813153496,0.0001811860022561867,-0.0011846117717437858,-0.01392147503392766,-0.0019921118597417955,-0.06704928821959275,0.05201997040308808,0.014884918695018831,0.03133092152320751,0.0064125870624578175,-0.00983598545952711,-0.014858883038151404,-0.044104091472845636,0.04587141788759468,0.04614786855384817,-0.0007904934855540796,-0.01077367621284372,-0.02058887604989958,-0.0017767551878692,0.018181874143367933,-0.029296941199940443,-0.01602728985870185,-0.0050990177845783346,-0.013932116079706852,-0.0014832907318574678,-0.021646764482428173
0.00021856336037575502,0.0,0.0,0.03699433739851697,0.0,0.0076546233925290875,-0.002321994413905928,0.011415468036529378,-0.009528635290319115,-0.0035772520325203813,-0.0019882191941100204,-0.001791978903860436,8.133040267668472e-05,0.0003345074236635626,-0.004299752855108065,0.005576180540307721,0.0016830952483708275,0.0,-0.0005584955485962376,-0.00018115317983573631,0.00023710333036066402,-0.005591158045334125,0.00033279590997051283,0.07801877882870764,0.026492922571068268,0.00711107558058762,0.013099322995350332,0.002123813893645677,-0.004194182863825369,-0.005968686036899784,-0.0199123156002636,0.01857593481241852,0.016822424700640867,0.00039555942992954864,0.02574253980046624,-0.009041576554540059,0.0,0.010714318102744442,-0.012323736285709241,-0.004505314206528189,-0.0009317814280666461,-0.006148464052649547,0.0001650360187838978,-0.00980484578998728
-0.0008742643483871407,-0.034287388223525124,0.0,-0.0830546219033101,0.0,0.0036462777271346093,0.0069821700016638715,-0.036681661212283036,0.0314612980813147,0.0,0.004382557769481838,0.004912735840698663,0.000894175895865598,0.00033401592387627714,0.012783969125450859,-0.01247689144933238,0.0047393797819638185,-0.001391770420741064,0.0016762109809333409,-0.0005436883363190215,-0.0015419708831401551,0.01799249151807503,-0.0006651643053036686,-0.04144141265589822,-0.05590592451004942,-0.022065365695941086,-0.04319132209857663,-0.005651786495949184,0.010197075823009254,0.019474164701457488,0.06590666115837171,-0.0643364039946309,-0.06250001388046926,-0.0017791714521532245,-0.024613827779322587,0.01870434526598016,0.0,-0.0162544228492795,0.044945080129195084,0.01270672708082678,0.0021764414815426715,0.01869155371579007,-0.0011553844182113045,0.03434973809205158
0.0006015700492069556,0.0,0.0,0.0419451646233942,0.0,-0.002119285562194331,0.0,0.03749261862917396,-0.016469258527626224,0.0,-0.0021409336019182802,-0.003537311582798967,-0.0010975648422103868,-0.001255125849059904,-0.006101006850029427,0.008890920859444151,4.2838765008584663e-05,0.0007362386132748076,-0.0015822705983173342,0.0008161577703833969,0.00045052206846126543,-0.009170600107626731,3.2445164149936027e-05,-0.013471177944862257,-0.03606407106251435,0.012635442595896045,0.024726840330806958,0.004262897167121812,-0.006227335154236637,-0.010165452282157652,-0.036727069965366066,0.037357870754242885,0.0372549525909302,0.0003358066164034937,-0.008411601806787702,-0.010300040651777087,0.0,0.010775821974751873,-0.0258316833429038,-0.011000405508574566,-0.0020186950063817745,-0.009561925525021159,0.0006605604105229363,-0.015079604051777263
0.0,0.0,0.0,-0.03383897513646307,0.0,0.024878641531511973,0.0,-0.017504179418643743,0.027765873126655433,0.007832881981607188,0.0023884989152806514,0.0033071644097033017,0.0004068949894356296,0.0005023323659826797,0.008900844412497588,-0.006029674655262302,-0.00030015866816003253,-0.0005973826592519723,0.0009324683570799608,9.052648395702199e-05,-0.0007129687605104305,0.017597856356955252,-0.0006664790361379272,0.0,0.0290993533487298,-0.01782524588563124,-0.03619519489113758,-0.0017686287869548968,0.00685650113410585,0.01845266684118201,0.05164088431139882,-0.054801589495904315,-0.05368616614192711,-0.0007927427642777256,0.01147695686263023,0.006334943865978887,0.0,-0.012082452960462736,0.03677314636404553,0.008168245113903598,0.0012450140837640125,0.01712404543583338,-0.0008265072560374191,0.027782590154112715
0.0002187660979343884,-0.012486866067596315,0.0,-0.020531402206002542,0.0,0.007104825550764717,0.0,-0.00862068965517233,0.00631750081231987,0.0,0.0003972641678236669,0.0009418242644027078,-0.00024429930145789284,0.0001674751429494646,-0.0006082384948648702,-0.00046655869322490977,0.0036888137466249173,-0.00019912365105449536,0.0,0.0002719922452989941,0.00023785432093523882,0.0024704058043119106,0.0003334617633435245,-0.02699272785011111,-0.015709200372118426,-0.003176036163839734,-0.005822389178621191,-0.0007087264327427389,0.000951460075985058,0.00324397395811645,0.010555277894732156,-0.009387061165411284,-0.007990538122939329,-0.00019814447620521272,-0.015293468014903071,0.0038218839734025173,0.0,-0.0014388243048219494,0.005187468121289032,0.0012067542010524013,0.00015546533499300393,0.002441742906507448,0.00016534629020168695,0.008452552938851662
-0.0004375038182289377,0.0,0.08200777370067963,-0.004932182794832375,-0.05362381476779191,0.012933539094650212,-0.013739073461957246,0.03420289855072463,0.0004129955565893843,0.0,-0.0015880166381410565,-0.0032931615461585,-0.0026860283935158887,-0.0016740394770214965,0.0011272406317365535,0.003267859430960648,0.0076923076923076815,-0.0009964518028787496,-0.0022358315086676004,-0.0006344791009288799,-0.0014267132769819732,-0.0013691923780082813,-0.0016662029348123602,-0.007832865790889907,-0.019607843137254888,-0.0004552242764668326,-0.0014641812972593874,0.0014184939929784163,-0.002048277321318798,-0.0019714766556589293,-0.0018165629073032489,-0.0005574191448640229,-0.0036246710373727827,-0.0011904257320716467,0.015029999256807319,-0.016797406666725346,0.004271961742761432,0.001440897503170268,0.0004801948284294949,-0.0025826008358852824,-0.003108502524470961,-0.0019228465199227413,-0.0009923050798315187,-0.0014107049498069556
0.0010505181364450047,-0.0024374771852145624,0.00653374692800568,0.017348266254539557,0.0,0.008415583529181083,0.003905780599030921,0.003923766816143513,0.0006605875735417685,0.0,0.0013968965864744349,0.001326980941770458,0.0009892599903531048,0.000570579101219891,-0.0006091799574516403,0.0,-0.0046225190839693465,0.0006785773354676767,0.00011398851025143498,0.0010980360030804796,0.0008214582276654638,0.0021127963012389952,0.001068874199416179,0.009868453947368478,0.015813953488372088,0.0,-0.0014663282676843628,-0.0003540943460181994,0.0009777923021599463,0.0031504859659934464,0.002729849747528977,-0.004461784051315722,-0.0012125918941140385,0.0009930373247389905,-0.009378089388973727,0.01913440568519031,-0.003190360317214226,0.007194266508421144,0.00023987781725522944,-0.002244181793709912,0.0005471164867436329,0.003756595699154228,0.0005629254930103099,0.0039059820157069905
0.00010923611293916828,0.0,0.004219474333640761,-0.038976857490864936,-0.012083637750371024,-0.011510848920863329,0.0,-0.009491903964265868,0.02112387931130997,0.0,0.001590450977820025,0.001982771250485019,-0.00016344375135588638,0.00016777047450798138,0.007010122662765899,-0.0037226592769315212,0.000596480738081829,-0.0003990480080151272,0.00018682803702071,0.0,-0.0002383209039061216,0.012887606851367727,-0.0013349929669226063,0.013355048424916994,-0.00494505494505497,-0.013205811871092387,-0.024963293910290115,-0.0010627666915733317,0.0048406955338240795,0.013102964438215705,0.037658800367307385,-0.038095221421736734,-0.03925533547274585,-0.0005958299478279794,-0.0069754392049430425,-0.006481881216805718,0.0021337744887277212,-0.0035715113419345444,0.02722481956616396,0.0041523280551123455,0.0007800233096622589,0.01141471165989924,-0.0004968340637890934,0.022764818367951068
-0.0005465021056714432,0.0,0.02456367082858212,0.09442332065906213,0.0,0.029403291377193438,0.0,0.07158962795941394,-0.0363635935714677,0.0,-0.009130673505771559,-0.010177080955522994,-0.00506295478432017,-0.005032822832722103,-0.017554837230924433,0.017281721187710108,0.013540472065553642,-0.000998254106291267,-0.004860575005438782,-0.0007257067613522592,-0.0019056893124152988,-0.02734177383428936,-0.0026738651324514184,-0.02282227506196486,0.058347137861218513,0.02630359858498232,0.052108353923317134,0.009219798924329309,-0.015109556201218446,-0.027892473830882062,-0.07870592318188001,0.07979018428976117,0.07834871765946483,0.0001988098870981723,0.02207721329855253,-0.02677168118853815,0.0,0.017921202616312755,-0.05195575315616795,-0.018780187400390298,-0.004833898756074256,-0.02434703080428077,-0.0003314554773393044,-0.038850602078585185
0.0007876360976965496,0.0,0.0,-0.053850607990735364,0.0,-0.009615412623998737,0.0,-0.039978958442924865,0.01459115688457241,0.0,0.006257387170287133,0.006616623998444853,0.004017151727019224,0.003572774435345801,0.011758906171552754,-0.010560307221071959,-0.001806453044005011,-0.0001998339007712739,0.0016907447509125282,0.0011983634637243118,0.0018380368848022093,0.021101284381699403,0.002612335449790097,0.01151315789473689,-0.04495652173913054,-0.0166366337461461,-0.032922956660512065,-0.00527046426613647,0.008004084109915585,0.01890125149488538,0.0527662378861882,-0.049083122388909,-0.050781217277875504,-0.0007946333385372816,-0.02209134574025175,0.01465506126093829,0.002483940608662075,-0.009859128244382016,0.029310447420582388,0.008077236768130916,0.0018803548636861945,0.013776849230899614,-0.0006631477895507942,0.02248409213460144
0.00043768830808654937,0.0,-0.003785520385314878,0.02080783353733169,0.0,0.019131896059394547,0.0,0.039452000000000084,-0.0036230451524613704,0.0,-0.002791112647710473,-0.003978680610040646,-0.0027014158176496797,-0.0018516688611801176,-0.00670939793032899,0.01160103273305108,0.0016834595959595168,0.0003194696442551666,-0.0007877443554241523,9.055787022004176e-05,-0.0008345586293265075,-0.011205198612455856,-0.0016739543323128975,0.0,0.0,0.010059432174788307,0.01953820164390974,0.006004933928238889,-0.0046318935065814675,-0.009065101512561638,-0.02758935691623296,0.026659259252058917,0.030452825689011382,9.893418143155284e-05,0.012048144090001323,-0.00820226829256114,0.0007079851368133027,0.008534919452866675,-0.016141503978270532,-0.007331209792418759,-0.0014850735272509245,-0.006829702515435443,9.877528533951329e-05,-0.011844924750899422
0.00032806659524437827,0.0,0.02881576947435104,0.053357314148681084,0.0,0.006164219842090674,0.0,0.03900896357453674,-0.012146090563626408,0.01975391903348173,-0.003598599946088633,-0.0055157266348746115,-0.0022982639003628525,-0.0020235448441036498,-0.006447863577306928,0.011009213224187558,0.00705886584280965,-0.0008001841823418586,-0.0030075332090061012,9.082848477934292e-05,-0.00047764028886497257,-0.009673632083191877,-0.00033520040025296496,0.0,0.10534466903396164,0.008601131081550839,0.01916377592561613,0.0049157941647910795,-0.0073864324222112435,-0.00946627304046232,-0.03023257732490555,0.027071758924704245,0.0275557093448979,-0.0001989903025759877,0.00843251443907252,-0.014243166909691,0.0,0.019745994911768882,-0.01855460777943644,-0.010207538170172392,-0.003137807325360389,-0.009057951195578413,-0.0004981573768202457,-0.01577045288393249
0.00010912552729677993,0.0,0.03200975487782341,0.0455322140011382,0.0,0.021999470899471005,0.0,0.052765147273726415,-0.016365590026567584,-0.003810701810098443,-0.0036113492763922843,-0.0074590405641418046,-0.004031218194643001,-0.0035485835437687437,-0.0067982359703134005,0.014519091754011738,0.003963618157543343,-0.0008007633657878092,-0.005467584572402115,0.0002721168671039668,-0.0003580678418355588,-0.011443219490724412,-0.002013084931238176,0.0,-0.014003294316174034,0.012567296667654009,0.024216529231144843,0.0076868197195968345,-0.00922786044020115,-0.011725004264135721,-0.035011885452022065,0.036578901632468026,0.036921934588416035,-0.0009953738085244756,0.00787017824166648,-0.020507909966851118,0.008489595076908522,0.01936377993315716,-0.02599502996394709,-0.01511386958307169,-0.005036132699898892,-0.01214434321366426,-0.0006647739621859222,-0.013295840733206074
0.00043764159404487016,-0.034056244621735836,0.0017894721678937977,0.004354926273547936,-0.035867735537190075,0.009264304924678241,0.0,0.0019277590361445867,0.004827542344689016,0.03586222391258456,-0.0004028808817319822,-0.0001929610488590676,-0.0006609094674472972,-0.000339202902638161,-0.0021780643190234877,0.002236083504166552,0.006150521547604045,-0.0006010075711535588,0.0007582242680543098,0.0003624853314308263,-0.000955993701273416,0.003670577683174821,-0.00033598917197597266,0.018536585365853668,0.04557222031862071,-0.0026595109005776666,-0.006675981583599968,0.0006934552801920677,0.0009766850889672293,0.004306769135055547,0.009443169737110405,-0.010897876870522162,-0.00974506042233313,-0.00039868092228019487,-0.002928345411997867,-0.0016655038339203035,0.0,0.004070555103537379,0.006640244393699799,-0.00018052127096135966,-0.00031621516811328415,0.003040424710822605,-0.0008313367660712482,0.0045779317143685066
-0.0008742958041077822,-0.025612632411067197,0.0378089014587675,0.1111110508882899,0.0,0.00971924919764457,-0.047724042955206165,0.08128902927902698,-0.039893596283960914,-0.04754571618851257,-0.010072687281106238,-0.01493678741926676,-0.006943353206345046,-0.005428285875633225,-0.014497294786985897,0.02498873687308572,0.010697575482218944,-0.0016039180748441224,-0.009850286409380096,-0.0007250608758777702,-0.0015540892189369725,-0.03150501224858382,-0.003362474176466823,0.012771360153256741,0.10019575726099647,0.030666583695500318,0.0596472340155793,0.012474035328337829,-0.020184808196712936,-0.03244599498034819,-0.08862626310889866,0.0928646720610472,0.09235431286241054,-0.0015949718116023462,0.03132647439237394,-0.02907540528443115,0.01683615010434626,0.039189268405668984,-0.059241448830757534,-0.02654389348688944,-0.008702656718726451,-0.03031099181225796,-0.0006657696593774518,-0.042046380172352314
0.0011594539670390185,0.0,-0.02065410153028971,0.03414639024390245,0.0,-0.036363661157023566,-0.004357878251396022,-0.010676156583629982,-0.023232998099274028,0.030048399675334462,0.001089760159937402,0.001628969671385443,0.003544693129262242,0.002950114722982242,-0.0050713940294849725,0.0,-0.008173232863638524,0.0021894216235642198,0.004301009751396338,0.0009068164245261439,0.002348198315981189,-0.012163793450470035,0.002226542497331179,0.03593953455042677,-0.013399179345655243,0.013799114354009687,0.028541180776960013,-0.0006843678853592133,-0.0040113484709276975,-0.011660956456294834,-0.04267965750361805,0.042246747144542775,0.04261948811542147,0.0029376238256272995,0.012814643958984349,-0.00859108005511382,0.004829180982541326,-0.008452587219575486,-0.027777755245638504,0.0005564694046767086,0.00318863842769108,-0.011632192551152607,0.0020498631159954588,-0.026389024210852714
0.00021883080849916051,0.0,0.05946101521561253,0.004716886569958151,0.024001336396319625,0.052996668895764015,0.0,0.022931654676259062,0.011526905253967969,-0.015213253300290356,-0.0012215651739229019,-0.0020541818027960627,-0.00282387848059227,-0.002894762373840473,-0.0009557312339424568,0.0052243122781885105,0.013803049031726449,-0.0012035597277206141,-0.003052781397760889,0.0001815666724632256,-0.0020334181559449748,0.0067763664262102345,-0.0016851707296626631,-0.014911807215100327,-0.011004784688995326,-0.006380218508391239,-0.01284685897288102,0.002054821111706453,0.001463122423873625,0.006528744509692292,0.018623007040492072,-0.021188419223829948,-0.019940262726760145,-0.002591065093947396,0.000937139603006958,-0.01658826805404847,0.0013731947441024785,0.01311479395988958,0.01220528622291957,-0.0074155667348091685,-0.002708655700739484,0.006751800880585878,-0.002162780589440094,0.010878637241269765
0.00021852559302162176,0.0,-0.031241279029100195,-0.01643183175736296,0.0,-0.0028985769987198927,0.0,-0.002197758241758228,-0.008591893830373978,0.012422344124504851,-0.0008153588737450933,0.0011761132358770467,0.0006662838948012117,0.0008537878902235942,-0.0009565144197613057,0.00043314772711323176,-0.0009754521438732752,-0.00020093105878760608,0.0,0.00018132947031870058,0.00035972197290964707,-0.004682148056644401,0.0,0.011121439948144482,0.041271258978080524,0.0042807625184566045,0.009630509859298574,0.0010252174132539588,-0.0006151248451354689,-0.004885993627201928,-0.01551241146527267,0.015058880098794126,0.013563966384663504,0.0001997219714792722,-0.0004682026441716051,0.0020140511010993734,0.0,-0.0032362556637409077,-0.009591652931354413,0.002241374533413382,0.0011183484080729796,-0.0050640787353834794,0.0006668554825608747,-0.008025651552083247
-0.0005466252940994631,0.0,0.02083330419996276,-0.0062052980331600005,0.0,-0.011892204016913328,0.0,-0.004405330202408311,0.008940094920624704,-0.01809032562529496,0.00040811674775783344,-0.0005874061405992365,-0.0009987646548040134,-0.0006823915922966683,0.003035777548363119,-0.004329033839369828,-0.0033765918138639692,-0.00020088909172242324,-0.0009570458321941773,-0.0008160203221491424,-0.0004793014344144159,0.0017637797710700516,-0.0003376447021461641,-0.04491292392300628,0.0038598641887062006,-0.0034099780625722344,-0.007733994313767034,-0.0023899424482762576,-0.00023099594470188286,0.0018624206179493085,0.009003874660511559,-0.013908158001415634,-0.011375017906936015,-0.0007992393195578161,-0.005152212084055333,0.003768927424891336,-0.001371311666130022,-0.008441544590532006,0.006640817481036396,0.0013043697425415355,-0.0011170991020705194,0.0019256898524288766,-0.001166219394684165,0.009653540468937408
0.000973542189320084,-0.009897793121891995,-0.014537321778026363,0.008645533141210361,0.0,0.01096549908974313,0.0,0.010619469026548605,-0.005877124525465918,-0.011214306671397141,0.00020315931137361608,8.682392902189542e-05,0.0008588049186098121,0.0004780318500925711,-0.002550141003044137,0.0047825668302842435,0.004163646181878011,0.0015073621557627065,0.0018212243828820648,0.0013979190605216654,0.0005517371226002759,-0.00030333612614450817,0.0005739920213130447,0.047984580934101136,0.0059100329646124454,0.0038494164301653257,0.008053960694629941,0.002395667956818233,0.00022845112033611606,-0.0017087834502723875,-0.010039026223381866,0.012693871883061413,0.01082907818340345,0.0013200809643656947,0.0018832475724424949,0.006758484957314979,0.0024031431848689435,0.0058939404817459715,-0.00852118373706722,-0.002605626759298916,0.0006550553877387133,-0.000997423215575131,0.0011011733923617718,-0.009287926514266605
0.00021880962888067032,0.0,0.0,-0.03809519047619046,0.0,0.00264558208057098,0.0,-0.021453590192644416,0.01700775765652801,0.00923525584518369,0.003674863890831521,0.004415147146116303,0.0014172486011686447,0.0011959715796042367,0.00798971682102678,-0.00865419079902505,-0.002764227642276624,-0.0006024979238244981,0.001148936311631858,0.00018146966681927638,0.00023995236134168545,0.015592523965217391,0.00033787719183954945,-0.009157479191543286,-0.052877468677001466,-0.015764837467463634,-0.031443229244404784,-0.005121216543936093,0.00770641314848687,0.016114083880301045,0.0467605749630992,-0.048282281109046886,-0.045865371962689146,0.0,-0.01315790544622078,0.003978026055298661,-0.00239738193281557,-0.006510435971309952,0.03257563733483197,0.010822923610618032,0.0017588392920644645,0.014047695734170442,0.0005004906335459358,0.025735209409991924
0.000327935831135318,0.0,0.0,-0.019307028747176748,0.0,0.005013139577143103,0.0,-0.02147646532438492,0.010563757455831864,0.0006421736933348857,0.002034120581771327,0.003223436368814151,0.0019979688314917614,0.001877098906846443,0.002536590964759852,-0.006547469950227136,-0.0061551850644054815,0.001205742865484568,0.003251852131062723,0.0003628734831083436,0.0010791034853865839,0.002607313142259248,0.0020271679412772426,-0.03604430178817945,-0.01236917040358752,-0.002597340374608789,-0.006918552567890698,-0.003088560913756735,0.0026001824629333327,0.003004759405433414,0.006458676114864155,-0.006829238452234586,-0.00982460471219025,0.0007996820637177856,-0.006666575133928495,-0.0007430187370575295,-0.005149253298730035,-0.011795539491995785,0.001476609131653014,0.0014769408467296295,0.003032768372462939,0.004481821540456349,0.0008334719664393463,0.004301142618113138
0.0004372236361685268,0.0,0.0,-0.040383596182917515,0.0,-0.01864003675505391,0.0,-0.02469140262042056,0.02129934477432386,0.002727386403741807,0.002436164281693275,0.004771304397273028,0.002076929276516384,0.0017032801894427186,0.009763308809021891,-0.007469167414754224,0.0020097206017094396,0.0004014028696390322,0.0026691475074131048,0.000543612114472635,0.0007183818365825747,0.01415765007360381,0.0006742287198248664,0.0003195269952212372,-0.04513984467290303,-0.014756985189753385,-0.027445852126301074,-0.004819270319978964,0.009000798703600151,0.014396252031418437,0.04608687361721955,-0.046168925377624376,-0.04287737511894164,0.00019978628501036964,-0.008098650605860274,0.024963886970233853,-0.003436293426806231,-0.017241417328443327,0.03395207631401851,0.01398381673982492,0.0022278596851359874,0.01433210335587557,0.00016673300387104117,0.025695870007751625
-0.0009833120787662,0.0,0.0,0.02156759600210416,0.0,0.016586382648839413,0.0,0.006563478668542106,-0.008726011476096083,0.020799983999999997,-0.000810164248385649,-0.0026165171074917317,-0.0015752252662947453,-0.0010201780640197774,-0.002824092637797245,0.002213406251427172,-0.0016782644289807765,-0.0012037254300753528,-0.0019016037139168405,-0.0009058615308788338,-0.0008374084743631812,-0.007122447039997422,-0.001010869169375848,0.020447348896081404,0.01997146932952916,0.004845810207193007,0.009373998332286986,0.0027671747054692193,-0.0040065410784736275,-0.006562731406541043,-0.015361050581364296,0.014932999897012238,0.013328408068389084,-0.0007989446991495707,-0.00484491724878988,-0.0026659602514351906,0.002776780754679472,0.003373829348324211,-0.011442084625682056,-0.0045578780718378105,-0.001587777007111537,-0.006531611263985232,-0.0006662579293078969,-0.019658997392394403
0.0013673002119881038,0.015568682399213375,-0.03801418439716322,-0.0015448506694130874,0.0,0.0,0.0,0.029343317621952383,-0.002112660594458825,-0.0039184953592240656,-0.0013002951917147224,-0.0016103079689764694,-0.0017651974964830114,-0.0010922615773775054,-0.0022027050017971853,0.006625419954579331,0.004961253023904311,0.00034013502620220326,-0.002694053079382001,0.001297214269872598,-0.0003127736294485025,0.0007892240077896061,-0.0006093370332760505,-0.01753293620748469,-0.01592851592851594,0.002191990671964952,0.0032778273635015644,0.004484450593636409,-0.0016790376720506213,0.00048257610377177413,-0.00520023120841542,0.004058945207180674,0.005480512763732374,0.00017903318404344118,0.014118782530423238,-0.015066906248797796,0.0,0.01143242154817422,-0.00407730202211844,-0.008424925937411645,-0.0018504790054332074,0.00018643096137853176,0.00013271228195760069,0.006759743585949098
0.00032790586558030695,0.003227319618729653,0.06310819817163088,0.08303254682994056,0.0,0.027631552631578942,0.0,0.06108601809954746,-0.02699367778183501,0.0014162077327491919,-0.006910702862394885,-0.009846132417945571,-0.005331747817950123,-0.0046066129130056714,-0.013245050438755108,0.019745438044506486,0.009791921664626618,-0.0012064109398909884,-0.005549078838161184,0.00018120168414384135,-0.001319653891187186,-0.01954039480970225,-0.002365604054691559,-0.004142734357639767,0.1129096328464272,0.021434727879192626,0.041110901237104015,0.0085851195101596,-0.013707112506245265,-0.020182065212021847,-0.06168313494876481,0.0636684896736034,0.06286329234429552,-0.001000188761865058,0.01344211605414742,-0.018998269476678962,0.0,0.02659569051273909,-0.04041199662667461,-0.019024674612369563,-0.006064411438171325,-0.01990049103136953,-0.0015019159489250786,-0.027242962122261627
0.00043722450078863924,0.0,0.017753121158200325,-0.008095238095238176,-0.06194543780344886,0.002304737575025377,0.0,0.002558592641424674,0.005802380208518732,0.0034569767985067664,0.00040949591768480484,0.00019698627869754824,0.0005024600248110882,0.0008570309470678603,-0.0003195391304339957,0.00043022172772180415,0.00525248484848491,0.00020123245565630127,0.0,0.0003626896401345859,0.0004805060155170328,0.0032242521233862413,0.000338685247757211,0.029759999999999988,0.005853103729936075,-0.002997765507677093,-0.00470714857315344,0.0010214120875044863,0.0012353340080318096,0.003629846840641916,0.00835649763473495,-0.010451362629464571,-0.009230759804874807,-0.0002002339401230096,0.0075794026352498265,-0.007796681392560448,0.013499536669888394,0.004533666498769998,0.006330703665825346,-0.0005647592060849931,0.0006422773634605613,0.003155560754619181,0.0005014771603809255,0.005564683757634114
-0.0008738994736106301,0.0,-0.014990461024542332,-0.013442198751800222,0.0,0.001277465541069563,0.0,-0.01148447469162072,0.0051379258149021785,-0.02912622879539255,0.0,0.0004921817921552475,-0.00016735973474341887,-0.00034250128970751475,0.004098985062026086,-0.003440814726159101,0.0,-0.0010062067835710006,0.00019232820731640996,-0.0008154549421474332,-0.001320480918976735,0.0008762963684366562,-0.0013545947141127858,0.0,-0.0017633574325516032,-0.003006866038866528,-0.006831323609268804,-0.0020407741050740198,0.000925296063923892,0.0008411731067598597,0.009944694346894278,-0.010081568868023236,-0.009661809063609124,-0.000801341500790555,-0.003291047487898759,0.007604544591372402,-0.0023908250101721523,-0.005802673750341493,0.005333761789478692,0.0032025397853759786,-0.00048136184870561775,0.0006836252236848995,-0.0013361693590049982,0.0050802850349110935
0.0012797945806914913,0.0,0.018539070795214926,0.004379562256913,0.0,0.0079102068872214,0.0,0.01893287435456116,0.002690358881063997,0.0,0.00036739527048136253,-0.00038554158271678665,-0.000160388629479305,-0.0006181944199607049,-0.0012759218190294536,0.0051790857799832715,0.004823191512186092,0.0002605750093281881,9.531728071739838e-05,0.001388207156761731,0.0008775869392954715,0.003068428925697145,0.0014583079165236892,-0.03977625854568058,0.0033562974739444924,-0.001292493564556277,-0.002910076525523728,0.0034082571134177978,-0.0006115721593887134,0.0042261802854105975,0.004376342763039739,-0.005334679779393038,-0.005226572753233389,0.0011823312306312678,-0.008018900351385408,-0.006540859919908804,0.0010270899312009069,0.005836541295308565,0.0,-0.00507037022478192,1.5178274840245434e-05,0.004488405713709516,0.001170515731037578,0.006498784699616092
0.0004371131114824966,0.0,0.0,0.056686049258045115,0.0,0.004556962025316449,0.0,0.03125000000000008,-0.02468475412256649,0.0,-0.003686868788284376,-0.006508010816865757,-0.002264625409810773,-0.0029179662462434433,-0.008942830475980868,0.013739923954636205,0.003799960000000055,0.000604973746235904,-0.003660994287522887,0.0002719899518050693,0.00012001784068908592,-0.015748120539027754,-0.00033912616305409044,0.040453139158576124,0.03908450704225363,0.017256233966127434,0.033430712082370875,0.006793463665709682,-0.009884939521946148,-0.016942165959315848,-0.05174284856222936,0.0516821329856369,0.05078818963551562,0.0006013091589462514,0.017118372569391076,-0.030387495426530724,0.007865952846693058,0.01869768477104966,-0.03047201439186292,-0.012646228211075696,-0.0032160187798618537,-0.016228077076130318,0.0,-0.026096395895841288
0.00043684408935824247,0.0,0.0,-0.06419069528613923,0.0,-0.0257056451612904,0.0,-0.05937760032760034,0.028427288427596863,0.0,0.00863461218943165,0.011414070191830791,0.006893095273578682,0.0077465363848497545,0.012246242561236059,-0.02160100581631311,-0.013827456219464336,0.0018142149618132718,0.008315571147058935,0.0005436932352470385,0.002284494899332451,0.02103710878845914,0.002713756073037371,-0.012441741061166984,-0.03930870891223314,-0.020780403128339744,-0.03902437832925722,-0.011133594820364308,0.014741379013537476,0.02056144917402193,0.06318206805055475,-0.06026888719126493,-0.06066671552986563,0.0016030517029363774,0.0,0.04465914983380498,-0.004071906739458462,-0.031645536925607384,0.04125155858548252,0.022175483564241597,0.007904717886803234,0.01954535366520988,0.0023420193741078444,0.029834342388620844
-0.0012013789263980485,0.007559932686502634,-0.0540614220575544,-0.020088192062714363,0.012850276866862043,-0.0028453440248317878,0.0,-0.011754375783821368,0.01096752582914635,0.016129032258064516,-0.0008153101296528066,0.00029454748143705595,-0.000834849918360276,-0.0010249353406963557,0.006338194871607263,-0.003896248440143765,-0.002949733430973567,-0.0004025132456194337,0.0,-0.001086998978742749,-0.0010798218291533997,0.004352783179092129,-0.0016915461610702038,-0.0015747716535432974,-0.061728395061728385,-0.007795571440689003,-0.01629726309994545,-0.002729444922549553,0.0026903547557134105,0.005684634708140206,0.02052938113693454,-0.0251602885848508,-0.024130574033840387,-0.0006001287370963644,-0.0294529295303626,0.0070000193081990346,0.0,-0.0052287341508132565,0.013609904849769178,0.004675530346372543,-0.0004803330885565538,0.005030758014684274,-0.0010015039777011075,0.011266102247701106
0.0017067312522441574,0.0,0.0,0.018000050000000024,0.0,0.004150454063565701,-0.0095745724309318,0.014977972908459338,-0.009172762299452708,0.0,0.00011565727433221267,-0.00018825305745886372,0.0005448279991144008,0.0005728203913005191,-0.004120430413563186,0.003911488571388679,-0.0006078622333479949,0.0008232719991789461,-0.0005222239524560074,0.0015239228736597015,0.0016324646357950975,-0.0035515474845994274,0.0019983473123884113,-0.014195614694144655,0.04097748120300742,0.007420361741806896,0.011950070338430143,0.002394813746387184,-0.002431616932027445,-0.004092116669198417,-0.020645781445912077,0.018218600658870654,0.01854552507780509,0.0010599459114996783,0.006743695935252968,-0.007944486425047338,-0.005110745555688913,0.004599066191014247,-0.013825911038422796,-0.005026084609507918,0.0002176997459033393,-0.003706634775533776,0.0011007964367163992,-0.012113106626959936
0.00032774014361002446,0.0,0.05255605973578404,-0.036345774246278384,0.0,0.0023249806852228623,0.0,0.0,0.01032579467718868,0.0,0.0008172141109719115,0.0011798240052381768,-0.0005019598205038443,0.0,0.003182740803528373,-0.0008657892886574695,0.00750198702351992,-0.0004027958612094159,0.00019209672703582827,0.00036260043823288887,-0.0004806626164930828,0.006393387217842481,-0.0006776524336348955,-0.02591996800000004,-0.04044784974908446,-0.005632557101411362,-0.011540477109931191,0.0,0.003387644437857916,0.00711114477376793,0.018918920703057326,-0.019383840975535624,-0.01963591343216612,-0.0006007093555671562,-0.005741535681846093,-0.0037535934193797405,0.0,-0.0065401766370292895,0.014154727466189732,0.0011224670204819118,0.0,0.006260128662232609,-0.0005014528137488155,0.013604158489856709
0.00021848493684251856,0.0,-0.0002729331365383703,0.01936793988950365,0.0,0.021134021163247974,0.0,-0.016059070483547218,-0.005462624124214925,0.0,0.002041804100191409,0.0027496283374884058,0.002008813500226397,0.0022256234198115665,0.0,-0.00563257254431198,-0.003783457588386346,0.0012088128831735927,0.0017283617726276312,0.0004531093527737418,0.0008412090847349902,0.0014437295323843807,0.0010169427885077487,0.010183935276480486,-0.011667293940534387,-0.003921584876946115,-0.005973467249886022,-0.0037542632928560375,0.002685803748822483,0.0012461131980333689,-0.0005305549322763262,-0.005575067027005222,-0.004734144436538934,0.0006010704241943242,0.0,0.013313114592828312,0.0,-0.0026333326567082077,-0.0018611917148684551,0.0014950590477408412,0.0020846918187270684,0.0021637444338600915,0.0010031529833454543,0.0018542347414179496
0.0005462655702474078,0.0,-0.025654967949098544,-0.04350004999999992,0.0,-0.00731946005349469,0.0075955664910610345,-0.020291177767975375,0.023860083518725542,0.0,0.003667243444474575,0.003917360998105714,0.002338840634791707,0.002562419513416229,0.007818333760552224,-0.007017679051494293,-0.003878550518304396,0.001006189404701288,0.0032592661534018553,0.00045296877231053604,0.0007203062667241385,0.0100923066761536,0.0010158058574792806,-0.016260162601626018,-0.041127189642041186,-0.008014733958007971,-0.016137844736658243,-0.003290536342713289,0.005356859214453105,0.009873017562055322,0.03330792858732886,-0.02773807963449537,-0.02707645834484537,0.001201133357884514,-0.010278551383537638,0.007180025545518369,-0.00769125039509967,-0.01914191954741689,0.023028021827836358,0.011612001145821869,0.0025604355676433024,0.009176831100328702,0.0008351713338095026,0.016657797531378898
-0.001091667639416825,0.0,0.03221280021812882,-0.008886566068299413,0.0,-0.009153343038223006,0.0,-0.009455155761150634,0.015428803856873362,0.0,0.0,0.0009756584307976084,-0.0005000440782930973,-0.0006815735324626015,0.005676490292313713,-0.004828808429419181,0.00020275805302143488,-0.0014072451077515185,-0.001146457711005083,-0.0010866346886682786,-0.0011994670702915665,0.007707504305799287,-0.0016913723968259055,-0.015206578512396688,-0.003653733121525011,-0.009275586078019694,-0.02002785051267255,-0.0024071237583330987,0.0033493389119285837,0.00846211638025082,0.032024745809938235,-0.029889840318533333,-0.030838610528177886,-0.0007999645609285876,-0.0063384607690902105,0.0039477637257219296,0.0,-0.004037683874136823,0.02184144898067406,0.004257689529240364,-0.00015970510484979877,0.007756076926251437,-0.0011681824588447402,0.005721792066723811
0.001607459261419258,0.0,-0.02388051689989226,0.010548576505726626,0.0,0.007184988268283506,0.0,-0.0009090909090908897,0.0008584980655613508,0.0,0.0015859411751121474,0.0018568836066757397,0.0016942644357035262,0.0019972302733750748,0.00031356279004643493,0.00044108835502698135,0.00247368207623686,0.0011470596059637368,0.0022403463746221907,0.0016415142440178035,0.001321161024031654,0.0016926041339660586,0.001049458701888754,0.003692480574270488,0.013632055709185886,0.0004458406302342661,-0.00028371528186561904,0.00034470456917708625,0.0013669814415381786,0.002019528525263204,-0.0015014062006352307,-0.0005407089682732558,-0.0007761749643000484,0.0011412619926993671,-0.0014719489732312973,0.0007372438500104418,-0.00242212099474808,0.00270272459994102,-0.0010238775640535652,-0.0003686609558067363,0.002078421277369554,0.0029705455648658553,0.0013201179181044516,0.009844263059218391
0.00043716772559032895,0.0,-0.010286432852754272,0.033402870563674296,0.0,0.014522292993630581,0.0,0.021383121019108275,-0.027618094650756837,0.0,-0.002435950715200477,-0.0038009047559503274,-0.0013337176260036089,-0.0013638076362488404,-0.009404222354351838,0.00749555191016084,0.002791149112448928,0.0006042119905111092,-0.0015299105037095235,0.0002717921472390613,0.0,-0.0147391423495315,0.0006781746275799889,0.0,0.025756940621313413,0.015597198014456078,0.03265180372091713,0.0044796500550704395,-0.0073628871656147375,-0.01597142134089071,-0.048120488723206366,0.04921592936000818,0.050097109942123484,-0.0004004261824019189,0.0,-0.006139519843916301,0.0,0.0101078474589115,-0.033183929208475016,-0.007929208685823513,-0.0023935271125873703,-0.015913116859200244,0.00033437270949548216,-0.02431900236766646
0.00032759358210932336,0.0,0.024719158692087496,0.038888941358027375,0.0,0.008287343043696644,0.0,0.033407570894985715,-0.01402494964660143,0.0006349365079364543,-0.004476897791549867,-0.004402310999365732,-0.00283843645117497,-0.0034140796790718122,-0.006962139522451904,0.010503259316999036,0.0045985476160327185,-0.0008050475547296523,-0.0038308322613076757,0.00027179207018574304,-0.000720727912338588,-0.0100690822181319,-0.0006777150184497464,-0.005016722408026707,0.0661299622821531,0.010530884331829495,0.021446281034199627,0.005831799191794196,-0.007188390764986439,-0.010765181544562942,-0.03370183798603967,0.034020571268990774,0.03143495560897852,-0.0008008881474539921,0.024570140821725373,-0.013837296298013241,0.0,0.01200800116641663,-0.02292591967558581,-0.00985134412032413,-0.0031989123101409905,-0.0102412435140308,-0.0010023744845144755,-0.01497267484028889
-0.0012011534789050276,0.0,0.0,0.0038891589693727897,0.0,-0.0146949183215483,-0.011650192045644072,-0.009051766851217028,0.0005367446494646343,-0.004917528475293009,-0.0008176683947094197,-0.0004911124520859118,0.00016753187723567246,-0.0005139221973677533,0.002157999643849902,-0.0008661739600340888,0.0010440491906541123,-0.0006043951784718832,0.0,-0.0009055215017357473,-0.0008415270316982571,-0.0031966712363866237,-0.0010174694823148393,0.011428571428571423,-0.013951744478667531,0.0013026754558409252,0.0010767797441745962,-0.0013641024475244089,-0.0009243195763699891,-0.002009057070533691,-0.0016347735979210663,-0.0004985593824214511,0.001434134723975925,-0.0006011985012132736,0.0014386708462463314,-0.005261845731024237,0.0069371784040219075,-0.002636804360767093,-0.000542585860318167,0.0018772349659488203,0.0001604744482428035,-0.002314371114534552,-0.0005017071549063709,-0.00116241958131111
0.0019143603077274676,0.0,-0.021381551535087626,-0.03535108958837758,0.0,0.011627881404755359,0.01553185389638255,-0.03784249673771205,0.016988606526312733,0.0,0.007088857646042206,0.008371474962163145,0.0052071323080111614,0.006523118320907835,0.0066901891563683966,-0.01170350758387555,-0.004412354592859985,0.0027241932963902376,0.006510851012828785,0.001859357531901007,0.003228280870423492,0.01495149911882401,0.003228886659091097,-0.002326354270521777,-0.02158854125926125,-0.01214222373749502,-0.022855647113565098,-0.005806044312282629,0.010556039044604523,0.014341065247891175,0.03548030305650243,-0.034912593988930464,-0.035803753437680844,0.0031705559850342515,-0.0019156500429439282,0.023173675265674158,0.0,-0.01850629515861477,0.026055033203176408,0.012179173648676015,0.006106846634363408,0.014830905423509474,0.00291469513829587,0.01772452988671605
0.00021847259762257517,0.0,-0.019047646525275932,0.0020079819277107488,0.0,-0.008745677161419376,0.0,-0.0018083633902186613,0.003956349606657681,0.014028391519209309,0.001220995465263825,0.0012699206918449515,0.0005838538232086541,0.0005117738261988472,0.0012657227172469846,-0.0021929998284211678,-0.0045931103948429405,0.0004025695940241563,0.0005743509051060973,0.0003625879927753632,0.0003604189058134044,0.00230370654302888,0.0003390304928986243,-0.013657528314457,-0.007864368244502406,-0.0013170603408279868,-0.004678115978205165,-0.0013741163984724086,0.0015290058580473306,0.0026521429930401103,0.00790730635833092,-0.008268706342700756,-0.008169409224941837,0.0008007781542712385,-0.006237994480762109,0.0056622917268341,-0.007233858269610751,-0.0006733891586789303,0.0051580824559272825,0.002036287114695586,0.0003194047556718379,0.0028306471893181392,0.0005013157201487618,-0.0018470706376741079
0.0004370273728466713,0.0,0.007995402627070144,-0.04559118464885696,0.0,0.0070583063805549125,0.0,-0.01947463768115941,0.01103424046723115,0.02389555063833447,0.0020324143890197367,0.0038048605553571225,0.0016675241744273915,0.0027281105069995523,0.006637198427255167,-0.007032907551331015,-0.005504695438545036,0.0006037545864330897,0.0022957731163269638,0.00027171122636559006,0.0006003597890050034,0.010341664062026992,0.0006777621758608449,-0.00945629822842634,-0.03828089102824631,-0.010988926586921991,-0.021288302093750443,-0.002751944905518232,0.00663983459640977,0.010828271042512818,0.0319036413861238,-0.031266310931364026,-0.029202496343341468,-0.0001999226667853204,-0.01255425369312712,0.014932701559708031,-0.0020818967174831772,-0.008086250806995467,0.019210576601690784,0.00757432261462753,0.002555153378506785,0.009946390786978813,0.0005010135832708738,0.01824109418467632
0.00032779379099677367,0.0,0.005665750868718164,0.022572232156022724,0.0,-0.020776019504980748,0.0,0.015242494226328031,-0.012299719817118243,0.0,-0.001622641890489585,-0.0027212645400630786,-0.0006659940122632158,-0.0018704644674540601,-0.0054296485112615605,0.005754723685403165,0.007733007733007785,0.00020112328108887764,-0.0017180997950788158,0.00036229368129630574,0.00011996334791846616,-0.009667312470867865,-0.0003386860415907977,0.004091408114558542,0.012890624999999932,0.011111024823007487,0.021751351434025304,0.0034494237560302016,-0.004928179254491289,-0.010548779812095576,-0.033451524067482086,0.033351193813349445,0.032009262995685815,-0.00020020637688481145,0.0,-0.011095165323605992,0.0013907563165686649,0.0,-0.021043215127029204,-0.00586713707335031,-0.0015929635621700306,-0.009981456898777198,0.0003337795608774077,-0.012808307840681805
-0.0010918996839308422,0.0,0.01887318309859154,0.04158116016427103,0.0,0.003323134031777456,0.0,0.03821656050955413,-0.01938081785251812,0.0,-0.005688786601910402,-0.006821958343509743,-0.004580634405192805,-0.004599686997589728,-0.0066413718575417955,0.009243004249511615,-0.0026252019386107136,-0.002614097341835209,-0.004971206055895149,-0.0011769084177231394,-0.002519842186560682,-0.01492958942749221,-0.0020325288076381747,0.0,0.06903197069032016,0.013626476743284098,0.027094332146519684,0.004812627303120642,-0.009981719213260541,-0.015454553397432019,-0.03985323917526667,0.040603864094381006,0.040732413752210886,-0.0018007961468004192,0.02102675493107226,-0.0007315711609402585,0.0,0.021739169126100136,-0.02769338770386525,-0.009406223858555673,-0.004786125816364738,-0.015593498227767313,-0.002669837574940601,-0.022968356910384062
0.0017279168293693602,0.0,0.027370806047597708,0.02513543493664685,0.0,0.035413987261146584,-0.00832991909067653,0.02673093777388253,-0.006260015550241233,0.0,-0.0015246760063483988,-0.0018230064400213887,-0.0012315013825456545,-0.0015348298147455288,-0.003820396454260629,0.0091582655392711,0.012350678274954431,0.0009243970173297601,-0.001281966854113483,0.0017501193453712707,0.0008514528899267018,-0.002314549063676436,0.0008805056965024774,0.0,0.010101046540441744,0.0052037914019380975,0.010767226436602715,0.0044475357893286795,-0.0025106486231243025,-0.002626474385193306,-0.014199928596022026,0.014006982897466809,0.01436270544392171,0.00039905815112495954,0.004310443163903268,-0.030021872751985305,0.008333440815725617,0.007978720553302055,-0.00854484552078943,-0.00893683842485683,-0.0015027450360151978,-0.002295905137542704,0.00033073348009227566,-0.0043966275048201815
0.00043717039147230533,0.0,0.017222793326157244,0.040384617326183515,0.0,0.007628002156200772,0.0,0.030729833546734905,-0.017008660042652585,0.0,-0.0024600394329852638,-0.005122173384133658,-0.0019299748364808144,-0.002576035919150264,-0.007670387629867196,0.010371628208097294,0.007880040000000008,-0.00020173078172386818,-0.0026994541658999192,0.0003625810707061035,-0.00048152648730754856,-0.011713052505601656,0.0,0.029201968448150505,0.04210717857142855,0.012510649760325178,0.02423428723903857,0.006811975885766373,-0.007034988214720725,-0.012231236728984856,-0.03767303790197574,0.037493935113884935,0.03646011713054748,0.00020060907364138745,0.01812122021464984,-0.008555702892295739,0.0,0.015831128952647645,-0.025034249044232664,-0.01202334247694916,-0.0022517840475761086,-0.011524210077112221,0.00033509708155153416,-0.018024574216602588
0.00032759046838952205,0.0,0.0,0.004621118512990638,0.0,0.003418778915292409,0.0,-0.004140828157349851,-0.006591665858014118,0.0,0.0004110593772582071,0.001683169891290477,0.001093124599790889,0.0015495679586569713,0.0006442677898693007,-0.0029940270941886736,-0.0029369368203779533,0.00040356344866460814,0.0013534197682635012,0.00045285982732158945,0.0007227354100153621,0.0014814314237148055,0.0006794892787585937,0.0,-0.01435967598753631,-0.0029824203613117483,-0.003380066054338173,-0.006427630066745383,0.001012144555751073,0.0014517018698348965,-0.0017272389912258376,-0.005230815057555727,-0.003073687171267425,0.00020065019612967416,-0.002810336379225132,-0.002030454615220945,0.0,0.000649339517544013,-0.0022448451024078887,-0.00019014886251535656,0.0009672610422324098,0.0016655498052147186,0.0005025027462448262,0.0007342491803392514
-0.001091891246426716,0.0,0.029365106596960414,0.07267709291628344,0.0,0.013628668775857805,0.0,0.06444910870890272,-0.043236701399487376,0.0,-0.010271220215961512,-0.014332373208472231,-0.006802855463944775,-0.008939252013862163,-0.01773501205260368,0.026899163146862148,0.014608168395819241,-0.002420772363942216,-0.008689034329774683,-0.0012675952649930853,-0.002406955032357936,-0.035207004206521994,-0.003056005066173163,0.014186770510945815,0.12552152294853958,0.038214183232429054,0.0720113088761845,0.017195172509620403,-0.020922561384358163,-0.036070503012350784,-0.09620085954555432,0.10835668095142664,0.10788214167274156,-0.0026072581958770085,0.03334435563656556,-0.02420059986227741,0.003767505902030861,0.03138615167866729,-0.06437804578371606,-0.02071851083152813,-0.008213945750381412,-0.035194729492607366,-0.0030130773548996477,-0.061628772726548826
0.0018157680417594398,0.0,-0.0012849910048830554,-0.024871355060034385,0.0,-0.0024010322976695405,0.0,-0.03007812500000012,0.019996185245833475,-0.020574175675150214,0.0050138098589308285,0.007748221368543997,0.0046385246529950935,0.005874400939391182,0.007222693880754311,-0.009631522102291729,-0.009572381326010192,0.0029127352927531738,0.005916153089786469,0.0020138037193345227,0.002376365224494693,0.014637422240120119,0.0025534505398926845,-0.0013012036434612274,-0.05100398674711108,-0.012799333810192845,-0.02342605375487048,-0.006720470362951868,0.009756443208261028,0.01490921969487756,0.036491727983260135,-0.03631643789617076,-0.035924454603604314,0.002875864444457841,-0.014605238050002137,0.009411783220681943,0.009986287951627086,-0.018273471120745347,0.024901987289678105,0.010148285224457569,0.005483458475497618,0.0141654750442876,0.003392083911469747,0.03083296377502227
0.000327756129072879,0.0,-0.00900676765293943,0.022427440633245446,-0.03559471365638772,0.006738941197086447,0.0,0.014095851792186928,-0.010848894270250249,-0.015362909306115185,-0.0008274656081072722,-0.0017948446363437282,-0.0007588923200556629,-0.0010366218300818123,-0.0032595993480669648,0.003382643492921941,0.00768442525548602,-0.00040381893182208224,-0.0013578979421867518,0.00036258563905067616,0.0,-0.006664419259590602,-0.00034023969860867237,0.006188859733261873,0.02640063153097423,0.007110068754543033,0.013243351018002707,0.004059550787061352,-0.0028378632277046628,-0.0066393294762504725,-0.020383038759705586,0.02018843616832468,0.02023774136499843,-0.0002006998880007272,0.007410809593733155,-0.011654988743568313,0.0,0.008344059367736625,-0.014578253112150075,-0.0044435203951996285,-0.0016180063769856124,-0.005819669744789475,-0.0006704904548240758,-0.018905747826368148
0.0005463025431672085,0.0,-0.01454160033973522,-0.05032258064516136,0.0,-0.03585942931582934,0.0,-0.056791104050833985,0.015104867858802832,0.0,0.006211152521216898,0.010288592581231014,0.00649735070994879,0.007436808928307135,0.005886320603112536,-0.018541882478104968,-0.014544063893708119,0.002020237829321238,0.00796422245620687,0.0004529897567171134,0.002170051056952032,0.010979027382096973,0.0027238455619732443,-0.021366106227455658,-0.046305136495238236,-0.010382086838803513,-0.02096177138885922,-0.009770912716293509,0.010513836622460287,0.011256762678162759,0.030895292347335013,-0.030782679652095545,-0.033375268061095094,0.002811806206507169,-0.0027585636552915093,0.032494792174052003,0.0,-0.0318269058587753,0.02301252429408077,0.0196002888295836,0.00794158928688287,0.011421946935925834,0.002683676264048905,0.0157663844715079
-0.001310377044861785,0.0,0.016600816426855958,0.07201086956521753,0.0,0.025291245956298215,0.0,0.05726320000000003,-0.03563645721094247,0.0,-0.009053427400789646,-0.011568007992367792,-0.006790686353174807,-0.008068683816743158,-0.011389299755793787,0.01932153987101996,0.013163143199042613,-0.0026209262701964143,-0.008286673260885809,-0.0014488668434325404,-0.003007196027984341,-0.025339496524923674,-0.0030560150951880675,0.014224280516043656,0.07149986697705364,0.02475871182036991,0.04836257825919752,0.00952705282383191,-0.015723892370538492,-0.02600219247072209,-0.06972474958628118,0.07350262716593799,0.07394133835177416,-0.0040056754486961395,0.0,-0.024873193221206496,0.0,0.03747534177534706,-0.047765043522777294,-0.018081499027675838,-0.008039819627623465,-0.02512697875395285,-0.003345570157485887,-0.03727122072490093
