AGG,AGND,AGZD,BIV,BLV,BND,BNDX,BOND,BSV,BYLD,FTSD,FWDB,GBF,GVI,HOLD,ILTB,ISTB,IUSB,LDUR,MINC,MINT,NEAR,RAVI,SAGG,SCHZ,SPAB,ULST,WYDE,XMPT
-0.003003012222629507,0.003854205824761986,0.001207363639904126,-0.003403151113058661,-0.0013084476932553658,-0.002546285530092952,0.002507302783892006,-0.0018270459905544829,-0.00112062499850704,0.00047449161116082454,0.0,-0.0007589776126151699,-0.0032527773302583954,-0.0031514923654252,-0.00010035803496009248,0.002096266197422549,-0.0017890333655697448,-0.002474904623771731,0.0001972944371655105,-0.0012032212518062512,0.0001972586989414376,-0.0005971194748956893,0.0,0.0056048868063713324,-0.003071384337766456,-0.00275670330440058,0.0004992099011812388,-0.007033458753241509,-0.003110309770146041
0.003833400778665108,-0.008318970267063013,0.006229718101358419,0.004238334781112462,0.013318968084504251,0.0037682631766151713,0.0050017668570210855,0.002563122032858009,0.0007480244555519313,0.005060728979579443,0.0006012212845204452,0.004556386641352435,0.0051152553978559044,0.002438544331170825,0.0007023962548606001,0.008528865298280137,0.0017922397422677622,0.0024810449734483037,-0.0007874973345976613,-0.00020042030426179624,-9.88541657319009e-05,0.00039873601301048924,-0.00013156428814238094,-0.00322681220926163,0.003658287315791547,0.00397387248959698,0.0012457657542864775,-0.002529699026807384,0.01014009449527178
-0.005546457779222467,0.019806210770517054,-0.0020913505936524203,-0.007503430363412034,-0.022947466388516715,-0.005933718970008654,-0.0022970933264092144,-0.0007396038342882522,-0.0014955481068380245,-0.00672656403927635,-5.193587831746352e-05,-0.003954299646172429,-0.008775005046676235,-0.003063481680271917,0.0007360678933559095,-0.0207435746805868,-0.0012923850764859795,-0.0023758783825692698,0.002190650397914284,0.002513038620070987,0.0006115692667277593,-0.0009962406290939248,-0.0005281677816782232,0.003237258233654519,-0.005371346947014233,-0.004818496993301012,-0.0012442157529105578,0.0022825259954350344,-0.005791374715698322
-0.005004958656815199,0.0038024970391072853,0.0024057717087571386,-0.007136317273881815,-0.018098611329742224,-0.004423534767062807,-0.004920602792726362,-0.005864143359328168,-0.0015975734488161177,-0.003286041728127519,0.0004010738444449868,-0.009889508456835413,-0.00647985276477366,-0.0035707771863642116,-0.0009026405246409928,-0.017538108625610532,-0.002770503852717705,-0.002815925179264497,-0.0024587622994385536,-0.004215448096090803,-9.855937089129537e-05,0.00011917919709125313,0.00019389746577696743,0.006159990179552782,-0.004456818858353556,-0.0045149786193845005,-0.0009748553149553367,0.0075910931174088345,-0.001197956922401236
0.000460366393902293,-0.004629845218424862,-0.004399280425652482,0.0008348191746041037,0.008786065358972679,0.0011035409329425165,0.0028957494270920193,0.0026729181112509315,0.00025013850992466294,-0.0003985438819736053,0.0005012851580257017,-0.0007686766215324003,0.002856169424622448,0.0007267254567347968,0.0,0.007818151034070209,0.0,-0.0011961107563129279,0.0013807174826637215,0.0006051619274836655,0.0003941171039593995,0.0005981669711296543,0.00013301765684237105,-0.0014575507806242512,0.0005820084301423616,0.0020885934738296363,0.0019967605377032077,-0.008036162732295337,0.0011721514692023874
0.003496278019208745,-0.004650964328383689,-0.00120481728874187,0.002383095689405882,0.0068103956524411535,0.0025721778775968747,0.0025024215460939274,-0.0020220204472982915,0.0011257725510315346,0.0011950828055284446,0.0,-0.004229349408220869,-0.0004449469289267291,9.097807772566536e-05,0.0011042440699769603,0.005116129748622854,-0.0002999959245248541,0.0007982093271878532,-0.0023632530677341105,-0.0026189282057491768,0.0001974637538131304,0.00019944001889832003,0.0002637645193151774,-0.0020437873787221613,0.003297169950081793,0.001737399038634672,0.0,0.017215189873417715,-0.0027311014991649647
0.0022007952306132986,-0.007659763647656522,0.0014077893978784884,0.003922449651863331,0.008096374899898581,0.0019549555308589423,0.002111978937440414,-0.00027678147734417973,-0.00012515284095744657,0.0018305492294870892,-9.982413654727258e-05,-0.0006102802014844737,0.005164520254462187,0.0018152200085950168,-9.987517934628682e-05,0.011001762876523428,0.0,0.00329030794384418,-0.0011843315234572782,0.0018909192727340352,-0.0011822887574062953,-0.0001994002505085903,-0.00026369496593924057,-0.004388747513390582,0.002126536793338773,0.001560006791020816,-0.0004980569425329776,-0.016177227476356474,0.0015645954293728812
0.008059027619614238,-0.005142353001745692,-0.0014070643222237565,0.011022574950468066,0.0187126735405158,0.008812537079289022,0.002783002166409751,0.010756179140598454,0.005118703394129332,0.00595951400897806,0.00102133627094382,0.0038741479297851687,0.011037349984173451,0.00704185565556342,-0.0013039666735967387,0.014846535365781937,0.004611656208373729,0.005002624143342124,0.004588124039466775,0.002222624885491033,0.0007294497900403855,0.0005982987785538124,0.00045716277781460184,-0.006464735311628159,0.008432426101620236,0.009388281477479535,-0.0009726327321341265,0.012142651458200305,0.012940325282548236
0.004818636545699393,-0.009476605437450242,-0.007647170080890736,0.00598711955856917,0.008342719569224687,0.004117937822058448,-0.0021038466484281644,0.000731670755725066,0.0026130787055618715,0.0017408897118971305,-0.0002008014666848315,-0.003473462314356425,0.003862960208255861,0.003603693314691046,-0.0003010339223906853,0.00321081931416204,0.0011946784957383258,0.004159539824777279,0.0012797479440969052,-0.0014111051094452918,-0.0004932552309441197,0.0003987053273105065,0.0005276955124799369,-0.00828175129606396,0.004790760128324385,0.00292209849342352,-0.0007484626376228822,-0.0057485381528888475,0.010848669214812808
-0.002262037409197553,0.00652335067586673,0.001013916700493518,-0.004201124703098511,-0.011281902548147609,-0.0030151542637541053,0.0009582007818387287,-0.0009136970940877175,-0.0018611360307717656,0.001422316608783873,-0.0007019461109180457,0.0042603165101778185,-0.005246657236255976,-0.002334169932242163,0.0002009939351309141,-0.004480882524751303,0.0021880103989764177,-0.001972632898754919,-0.0010814618222718668,0.0032297774004345714,0.0003950537948044348,0.0005979578072212795,-0.0001314785859014845,0.0032806751120629004,-0.004195558610636624,-0.0023992583517884595,0.0007490232535428698,-0.013071920891702223,-0.0011498690712160465
-0.0017229358604292505,-0.0062654243484684645,0.005875492234016846,-0.0038668652684722437,-0.003803472530678803,-0.00362941056924841,0.002872735485517441,-0.0050272554596667894,-0.00149273585218454,0.0,-0.0010031559277080236,-0.00192813237008238,-0.0021975977487257237,-0.0024288429698286237,0.0010040139751306438,0.0,-0.0032749716755922343,9.913589752792983e-05,-0.004921539884290734,-0.0032193795212135338,-0.0006906783559525549,-0.0005976004673562247,0.0,0.002080969174326248,-0.0015322313262659613,-0.0022332130922745504,-0.0007484626376228822,-0.00010180846163072541,0.002302529047138804
-0.0015442305219652242,0.006413431226424537,0.0016184333388006024,-0.0014117418864091902,-0.0007636633853494418,-0.00048550476986410155,-0.00019114778593804454,0.0077312500090142705,-0.0012447819501407798,-0.0014202964974861009,0.0014702213938319287,-0.002166025871767203,-0.000264464348320209,-0.0005417034214569229,-0.0014747300983978945,-0.0035363014749548727,-0.0006966585828240768,-0.0027663990489337435,0.006133091844671185,0.0027812442555724434,0.0007698605582734553,-0.0007970078216835478,0.000263862676221645,0.003559950293529797,-0.0007669168075997749,0.0003442832508869241,0.0029964100946043453,-0.002700198626956349,-0.002680073091427842
0.0012911652669417373,-0.000648596477375568,-0.0020128496315824904,0.0014954158231063595,-0.0004327386722131153,0.0013699675080604324,0.0029447388186272174,-0.0010065734717802086,0.0013038166373645944,0.0006538321194140916,-0.0006028448973101094,0.0,0.00047317669560008536,0.0007856794992578527,-0.0010048175481069091,-0.0009727425233612633,4.925270823919076e-05,0.0021585591986552416,-0.0011815714521265027,0.0012114422839647804,0.0,0.0006777864057619116,0.0004247175174903511,-0.0032517318915258665,0.000900359784095232,0.0010528378452003993,-0.002983216990619304,-0.0002555044569345754,0.004422261907552522
0.00036420418097352493,-0.004543499700832864,-0.003025364050287917,0.0016508705750904662,0.0024109712265323146,0.0023091094350151595,0.0022885235549198113,0.002839164693910532,0.0004986687417599438,0.0019781894485224718,0.0,0.0015518856715928456,-0.0007942695273586555,0.0009931845599200169,-0.0005027493169660048,0.0011337231359720456,0.0005981215086296262,-0.002871365926082845,-9.847044922340764e-05,-0.005040527509068335,9.879098599913624e-05,0.0,-0.00013205110359454624,-0.0017795378290090755,0.0011526726440077711,0.0010333549441282584,0.0,-0.00204389376708986,-0.0061424753652760495
0.006460443448269854,-0.0018542043631583078,0.003341412944629662,0.006826366099908945,0.015741195436832563,0.005094547010510726,0.0039954059771505675,-0.005205379440443899,0.0021183159378925635,0.001973685965716385,0.0,0.0062667840088198755,0.008300528866472156,0.003428312878457731,0.0009862085363708543,0.011810310274479808,0.0016948502344504856,0.007845282608064913,-0.0036467884538548033,0.004155713388719711,-0.0002958766813756216,0.0005981782446163366,0.0005277406767392428,-0.00475329933516699,0.00460450574998411,0.004991642288387333,-0.00024948839289734267,-0.0033282385220625072,-0.0011583949319694613
-0.00895038815674022,-0.0002175322952067292,0.0008077033407877372,-0.009585945379420207,-0.012914616364596941,-0.007119711342162657,-0.005495453085986053,0.007422669483584801,-0.004972704725243479,-0.011426372066729805,-0.0002289394027663163,-0.008876600292841241,-0.007881415765116289,-0.006563190163864299,-0.00020123856347660876,-0.011352481606151987,-0.005373870472148455,-0.009557533335816364,0.0006882853472900383,-0.0022241271681387926,0.00019722810480845456,-0.0013947873490554074,-0.0014513562650111259,-0.001194220520713013,-0.006111670005137731,-0.0077068614146077,0.001748043913514543,0.0020549190855382307,0.011214082751161291
0.009419113025274222,-0.01613632385391783,-0.008876486685380141,0.012539595526348028,0.027533206911897944,0.00956309851994137,0.008865773822378345,0.0048796640362256645,0.004265901365481128,0.0009439472626643064,0.0003019222623745793,-0.0046727517774702385,0.008961183367281536,0.007576091483983556,-0.0012067284413530082,0.02164829484408009,0.0026782190461715322,0.008929611456215032,-0.0006935550449118961,-0.002431639622898387,-0.0002963941653689361,-0.0001995731559977652,-0.00025194511989193525,-0.0038850740737192686,0.009261982273607154,0.009461790677200226,0.0007758927627975582,0.022045656090523173,-0.0003320307208601121
-0.002532594812592097,0.0004430933485493918,0.0010180437953348108,-0.005257689221199532,0.0014901675625879009,-0.0013272763306667384,0.0035943479981229384,-0.0032983651354417665,-0.003237556775739669,0.0028720395387125197,-0.00020159311316246412,0.005868429481949778,0.0015777703144879466,-0.0032378153972637412,-0.0007051310074479211,0.005081911783375436,0.0005993946599767063,-0.003568180411304954,-0.0035547163198203476,0.00060919113136188,-0.0010767554979511738,-0.0015967975436280426,-0.0009256808062765967,0.0042004955014644605,-0.0034335189974583425,-0.0020560106138809275,-0.0007479261394861014,-0.023074944145345968,0.008070627662485305
-0.004896418390653379,0.003762802611347337,0.0035989151465856775,-0.011393119498722898,-0.00616470104849895,-0.008213369940345359,-0.0005652511718064197,-0.002114083637935205,-0.003373971454514656,0.0007160345950462186,-0.0009056870389150912,-0.012057559580607249,-0.0036749159815449273,-0.003699886328970975,-0.0015111149571393036,-0.005372117476642288,-0.0006990928819786697,-0.0007953127772594839,0.0010967768369852914,-0.005480802687781078,0.0002968016236961158,0.00019976172680411989,-0.0001322340103877199,-0.0020912953385234627,-0.0005735224273830693,-0.0010301813201969543,-0.001995557998387573,0.0008985879101773731,-0.0011442409317623044
0.00967914311645895,-0.0044209547874050695,0.00020309272289238884,0.013748324299088623,0.015937219271688764,0.009174543253647504,0.00798864703805849,-0.006632506898256571,0.0034978769356465594,0.002481121270251312,0.0,0.010260178862074964,0.005192207487505839,0.006237737414894074,0.001920167498826664,0.01940584669241508,0.0027001751306646826,0.00759208447623616,-0.0009958906992585006,0.0059950713575006856,9.90674536083932e-05,0.00043980571149022696,-0.0023830034353306546,-0.00808410866117496,0.004212901286673745,0.00515567590542592,-0.0004995830419341271,0.005258381293872568,0.003435476751116808
0.00543356503846822,-0.00754858862616339,-0.005883692206958273,0.010016074682597948,0.01653149074028493,0.006533510974966389,0.00018768632778787324,0.022597435777673158,0.0037523198899389936,0.005169048351051375,0.001571759688237684,0.007050651860813808,0.008137342978860864,0.0038760259813080326,-0.0007062362647451724,0.011406440170995362,0.0010976154180027593,0.005047676740754044,0.0026016932218356835,0.002646485718821945,0.0003564396284962669,0.0017992837032171874,0.002769077703766756,-0.0012072813855225385,0.0071657737998297565,0.007531670470959253,0.0010533569212354496,0.0017861444701747198,0.021532047954365044
0.004232849282331503,-0.01208043777745052,-0.004285735205092471,0.007349030405021345,0.009011695353423112,0.00601013768553778,0.006746553968193935,0.006632872362895659,0.004112211358812212,0.000791007562513065,0.00020148877943189936,-0.0011666785077623244,0.006682389359110945,0.0036809710710713844,0.00020155460480267902,0.010041603774126773,0.0023906404972404947,0.003939018365778123,0.0020009396798069,0.0016242955902328892,-0.0004948780551455091,0.0003988061077041283,0.001060564399117174,-0.007555075173077928,0.005121439127826653,0.0051011817935527745,0.0017487627572188688,0.002292409693958627,0.010849216487373121
0.0018835577209485035,0.0018112898584669813,0.0010248126378897577,0.0013894033669528227,0.012319348135132696,0.00047766294823747813,0.005770475776579107,0.00375161917057386,-0.001737289179306676,0.0031618044995042893,0.003324646722920105,0.0031154385805283835,-0.00560345654645515,0.001699295204070384,-0.00030226565795441135,0.009483208208160432,0.00029844260367731815,-0.0007847706629458673,0.0008983935906751459,-0.0020273676504645012,0.0005943538519997706,-0.0005981832309796321,-0.0010594407939281613,0.0033495118252152714,0.0009434168978041527,0.001014868004722241,-0.0004989362821944222,-0.010927573617665744,0.0014804187406464693
0.00599768805117284,-0.008363714310064184,-0.00020449816019747769,0.009483723649780054,0.018658877524020172,0.007404925274645938,0.0005553442689598397,0.008570973846421082,0.003356306699669516,0.003152524441443625,-0.002912046711016912,0.00038815285672766516,0.013438215783803676,0.006429798285413032,0.0012113884448598164,0.020757388002084782,0.002284989306554193,0.009816768475846172,0.00827940015541102,0.0014222391406748956,0.00029655966258637347,0.00019965553677776376,0.0006629758222911657,-0.011228990119177966,0.004147846005255022,0.0059152720785169395,0.0004991853438740205,0.005652646744740414,0.01773853696940841
-0.011746142185085556,0.014938891291913425,0.006970952373827322,-0.017070051049405892,-0.0363361673981739,-0.014463564382994143,-0.007769349865457354,-0.011762309201461702,-0.0065665619250362935,-0.004713219832748726,0.0009131343004240851,0.00290626145325128,-0.0128322027367167,-0.011534916112265384,0.0011089433464319949,-0.032803882465828195,-0.005055828989138429,-0.01312362284825708,-0.005546299216771846,0.0003966209528483137,-0.0008711750550859911,-0.0007986328324463673,-0.0018558895587019273,0.009208088461621758,-0.008261404050404457,-0.012768852015100349,-0.002244857207084082,-0.012519085654550028,-0.018155263645090437
-0.0011354467151327976,0.007420854934258277,0.0,-0.0009547790889356127,-0.012975132328167752,-0.001957276377608295,0.0005872684918991671,-9.14581480215579e-05,0.00017153069511916026,0.0026610978416515023,0.0,-0.003100808080137781,-0.001624567414056019,-0.0001965056932650789,0.001007559529049966,-0.009143133204620771,0.0018059473537832518,-0.0006745402221231602,0.001095471469336307,0.0,0.0012878394422014506,0.0010589491631411523,0.0009105464027594916,0.0009122061333297811,-0.0017903092466583868,-0.0010661431976842788,0.00048454187187218963,-0.0012937644867392574,-0.01400454474933444
-0.0018957707678116968,0.008258698584355753,0.0008145364144992481,-0.003975019814349965,-0.00934480837294277,-0.0018115061937472273,-0.0005597474442383429,-0.00311555500504992,0.0,-0.001577047313153895,-0.0008050976544479875,-0.0007777819413427872,-0.002347263342442021,-0.0013483806537044993,-0.0015096216266448266,-0.010097546950239691,0.0014954398517211533,0.002867201369274613,0.00785979252546858,0.002436895889196099,0.0006928384799970795,0.0001997977321650484,0.0007961492752529026,0.0030387508376763287,-0.005130469910293217,-0.0015364354108047993,0.000249340266843979,0.0006736010711710616,-0.0015062359347941313
0.005879648670897218,-0.007084194622744177,0.001627569693955584,0.007981964909110012,0.017170098326994628,0.00520245179507729,0.005973452560409372,0.006710002876758456,0.0016226936883613641,0.005528635572680513,0.0008057463589516595,0.0015564595773632055,0.006971165516762912,0.0039613837149723285,0.00010092901054728929,0.018047540134844903,0.0,0.0058176147223165465,-0.001382177389808808,-0.002228136809979902,-0.0004939647575335772,0.0007984149443249258,0.0003980320993843813,-0.003938158526827328,0.008976707412835185,0.005471253609315606,0.0017494901579787664,-0.0011908300417032536,0.008675572271302258
-0.013489468874856051,0.012827215216420213,-0.0012183176623538658,-0.015023000424070516,-0.03448966321954087,-0.011554975687105295,-0.00649479878133096,-0.007864297921829397,-0.004112818110772135,-0.010211617160383556,-0.0036521632414446147,-0.01342472236011746,-0.016008977925163884,-0.008160981134998977,0.0018139337370036356,-0.03268073339490505,-0.0035841591099530813,-0.011175742285244166,-0.0002980081256765158,0.0021336917708694733,0.0007513137884722921,-0.0009973764450714922,-0.0002650336807082486,0.0012164915057769144,-0.012681821148611406,-0.011393016764918268,-0.0014967745895914815,-0.0031104975059357692,-0.016080361019066586
0.00751625412387172,-0.005289821356593498,0.0002037399459609569,0.007614981067398856,0.02011994903101339,0.007931374560601267,0.007883668024270896,0.007372845984835167,0.0037351386849746094,0.0033024667624166264,0.002629623407080516,0.00039433215077718816,0.0061908903819528965,0.0042535814354976095,-0.002313353345968925,0.01679973629789288,0.004518464161311016,0.00879671093435735,0.0007917885951148162,-0.00040657501981507114,0.0006925944138463436,0.0013777944473109414,0.0009669968503940352,0.004860270207021802,0.0062998288759130204,0.004630322450701735,0.001102998371950427,0.010790457898867772,0.007259555487610341
0.008882044940903831,-0.011965374804320078,-0.0004072861591537328,0.01175778933429458,0.02747994616251772,0.008594481932313394,0.0031539222393650447,0.008050529143245192,0.003369821659665042,0.005944808391748617,0.001715471697037505,0.011045737843018644,0.01076552137864038,0.0069418496814864115,0.0012096786204719243,0.022319861851866317,0.004287400281057592,0.010545759832743284,-0.0012853050538888194,0.0026409443206141803,-0.00019755947195942533,-0.00019960774308216178,-0.0005302292979814456,-0.012394212842703848,0.008206193074294484,0.010121756225466272,-0.0007488811890720461,0.0,0.00416794666203302
-0.0011679426825506154,0.0,-0.004887985231849475,0.0,-0.0041303208522270336,-0.001680300299076048,-0.0024042674347975047,-0.0008169845958480294,0.00012422201605759954,-0.004727659271359504,-0.00010090923767825592,0.0011704667948066445,0.0002600200869173676,-0.00026866667937839407,-0.0005035052405730214,-0.00030754447866775765,0.0007936160037382622,0.0006828340449650834,0.00039596975890570377,-0.0004053057823482263,0.0003955255372176428,0.0003992314915872489,0.003447082411640233,0.00306091791091148,0.0,-0.0001699638964708498,0.0005001034710490705,-0.009131832797427571,0.0049058662167701566
0.002158359014399543,0.001569791454859306,0.00450245242415586,0.002556756143088557,0.0014514764534064185,0.002645000260392123,0.0001853146024706256,-0.0013621792743775047,0.0008704969026964838,0.003958559739487454,-0.0007051452224736929,0.002234487916991804,0.0037223993013134338,0.0011643410226994074,0.0,0.0009229172741151943,0.0008929832844697506,-0.002924079142276557,0.0013855589863508953,0.0024705240914824787,-9.876019253024718e-05,-0.0005984702990489352,-0.001981747474686962,0.0,0.002460536410966037,0.0010191572164890187,-0.0004998534925824142,-0.007009345794392604,-0.003004435683865447
0.00027643101805940905,0.0013436314861881,-0.0010185468843414204,-0.0016802563100642655,-0.005573367699696066,-0.0016180059335025405,0.0041909258589197095,0.003460401906042225,-0.0005768230750175732,0.006108563668310261,0.0011457270457412953,0.0050664104430833395,-0.002841398515224458,0.0007702217879062785,0.0020147166143116746,0.0022160639358636764,0.0028418467297199705,0.005753482282780375,0.006821881783976496,0.0012157009464034,0.00045473586163776337,0.0014774703504093602,-0.0007071029572349916,-0.0042721522967556925,-7.218433171407134e-05,1.612621716314498e-05,0.0015306165145391169,0.0015686535947712352,0.006704152219348908
0.0037753189876060774,-0.001341828563081677,0.00101958537985339,0.005226724980682018,0.009901057069860008,0.004444760326653554,0.0007390563358519607,0.0027233622673749395,0.0018653717827233362,0.0009427414185200104,0.0005037577834127603,-0.001163425739629899,0.005631084017189918,0.003043398570075905,-0.0007036491767022369,0.0035374505474644303,0.0024769701774973105,0.0001950713181047019,-0.002848636731757532,0.0012145868822807135,0.0003953873257681551,-0.00039895530286216606,0.0005298881738276774,-0.0018388893407795704,0.0049181423642119465,0.003060470855888627,0.00024956415233941633,0.0,0.006012836791804501
-0.0015225209687924485,0.002463344645182563,-0.0020377143608439102,-0.0009245550313725457,-0.010319665114871078,-0.0025110990939268573,-0.0018464072968506747,-0.004164643774630694,-0.0003727460520459705,-0.0030614422466907964,-0.00010055975323579894,0.0015527132324420984,-0.0037045257316594008,0.0007139420556742541,0.0,-0.010727695722650057,-0.002668953248493557,0.003707740411834055,0.0053194160732990105,0.0,0.0003952310564175472,0.0005985869427859759,0.0006624795087890183,0.005526581283664772,-0.003011904882414017,-0.0011866464959006,-0.0009972169788088024,-0.001827173014169402,-0.0037353803452746413
-0.010403639909208978,0.005705620732128128,-0.00010436132159327088,-0.0141086923988792,-0.0393118636717199,-0.010791981530465995,-0.011838793402984988,-0.012910563311273304,-0.003973461642399085,-0.005589711830532813,0.0,-0.006492961426570891,-0.014439994891112112,-0.0072232154038846565,0.0,-0.03361739885918908,-0.002477549478809821,-0.012054308253721686,-0.003037671728770785,-0.0011682712191959286,-0.001481980608782008,-0.00019935308091369148,-0.0010588503909239977,0.003053471976906528,-0.010571918576481166,-0.010862158516381408,-0.00025035764530032944,0.0010459465980153352,-0.008998962561199813
0.0014085975233811016,0.0055594646937480955,0.0010221769076376233,0.002759961577077516,0.0024336259247411725,0.000826585209488867,-0.0061671079243273245,-0.0024116642399283302,0.002691686195566512,0.0007917364125931737,0.00043568885508643617,-0.0050823213916076386,0.0022503747325542177,0.0017592913006244492,0.0,-0.011407456787585757,0.0021244346807710464,0.004289768658469519,0.0010810959329287711,-0.0014201336983500116,0.0018801699069412234,0.000877833138757699,0.0007426322783740309,0.0,0.00032570233503741316,0.0015518850840532026,0.00126972690119734,0.003134874690043855,-0.008340072108413503
-0.000816370189246014,0.004201668282317877,-0.0034722520385550297,-0.00046863760504937225,-0.011296841487085195,-0.0009709714807384852,-0.003205661409297357,-0.0023125797444950268,0.0009960502322752737,0.002377706752782873,0.0,0.0015717516887093315,-8.7626995388463e-05,0.0003586467497401858,-0.00020120390239806123,-0.0017893798669810469,0.002187126466862969,-0.0008852985140322,-0.000589454243110001,0.003047889057762795,0.00029655397051682724,-0.000598310636865586,-0.0005297473809870075,0.009436814459627005,-0.0009552607908933652,-0.0012018091782384564,0.0004991778441035196,0.00026036456977257327,0.0
-0.003720345083423674,-0.0013215309829602293,0.001024869244448387,-0.004457027323197392,-0.007361473882505023,-0.0032793436958329387,-0.0005678420289414338,-0.0008345835387937534,-0.0018651796584317488,-0.0033624630670741683,0.00020208780656790068,-0.014907893342908894,-0.0033325434067774267,-0.0026027272370454627,0.002012401458767464,-0.008311640436461147,-0.002479934155380388,-0.00364014428589504,0.003146717337643625,-0.0016207957060243047,0.00029606425084855283,0.00039916201627753086,-0.00013246142706566392,0.0009046263677654025,-0.0019125170515341262,-0.0022339811440006373,-0.0024939328120468637,-0.003124160374902369,-0.014176406785399215
0.003460875001367775,-0.0023195584187664427,0.0011231813032163546,0.003887436920312073,0.0075267058119109905,0.0034115553830486424,0.0058680294971102465,0.00491862656050686,0.0013701991335494169,-0.0001982820876434532,-0.0013113115275421431,0.015341856312147469,0.0038713968727927634,0.001709917018778677,0.0001731903812170055,0.00821670527337852,0.0007957981716776338,0.005036180552871454,-0.00039230329820108285,0.0030695606417387488,-0.0001973424132194798,0.0001994272067491384,0.00013247897541980426,-0.004820609783297276,0.003831962185059016,0.0024115525969900524,0.0015003965658178056,-0.005223321879777262,0.005052319442116375
-0.014704540660747181,0.013498403891750645,0.0018428658010739476,-0.018658807354933627,-0.030868929878946683,-0.013966144051901684,-0.015054724763205615,-0.012046314407554062,-0.0051007265191351,-0.009924468982440031,0.0012249256790291215,-0.011006504550696437,-0.014812517592588652,-0.009882411084943586,0.0,-0.03064376328375036,-0.005068028294463827,-0.012479036114199009,-0.0010824697595741043,-0.0028373733973691513,0.00013808977488927922,-0.000598310636865586,-0.001192742309570943,0.006055050920050402,-0.013361480280476623,-0.014092038340115109,-0.0002495420580268948,0.0,-0.01972127061510158
0.002153499112744517,-0.003275120242714149,-0.0036792844515728712,0.0037134110831184243,0.0031933076021683033,0.002146974727812566,0.0007700038037888615,0.0,0.0010924689084109917,0.0003932425712882567,-0.0005055584828248149,-0.00317941350726426,0.0014222743524602275,0.0015304833734405153,-0.0015063110350778336,0.0024242413510666,0.0034112624691058084,0.002468980115848036,9.854844448209984e-05,-0.0010162843952949414,0.0,0.0008978760442625713,0.0003641769848154011,0.006921206192463677,0.0007273161774962385,0.001751715025616463,0.00028974146185023936,0.0015752690995011085,-0.003303307025355332
0.005802200215994483,-0.0028476646924635077,0.00041013109503779387,0.007642851534293527,0.007256285662563857,0.005172697531290735,0.0011462930732294126,0.005061976849627377,0.0026257349374161146,0.001687974217114404,0.0015161750654353078,0.004784789005093197,0.00427134083024583,0.00553428680081683,-0.00030175276705470135,0.0069022368750972975,0.002894252953905193,0.005978006168614377,-0.0010813146961127364,0.0016274103164707044,0.0004938345577379448,0.0,0.0014603635044592765,-0.0014940510326007124,0.0042603149793627795,0.0052310414508913465,-0.00024982204529275194,0.007863669312520605,0.011531353797656942
-0.0091566099831554,0.006370642474885783,-0.0032812389269673177,-0.012325187913684027,-0.02566412219818424,-0.008454315343375231,-0.00553557626872261,-0.00652867812158131,-0.0024937758398007825,-0.007220354788615857,-0.0008070694414283848,-0.011508168315490893,-0.010012725970213932,-0.005594095540527849,0.00010066415412832479,-0.02223720782540882,-0.002985409726922822,-0.009409034922176769,9.848269077490362e-05,-0.002437307499622411,-0.0003949994364622895,0.0,-0.002915500107089256,0.0011971937362123086,-0.007134745776849015,-0.008846358859850956,0.0004995579818997973,-0.002080676148747053,-0.006289244833859921
0.0021253926131989953,-0.0034925953537008622,0.004938385041964828,0.004439363108110803,0.004967687658078553,0.0021004137571607484,-0.0009599911382861158,-0.00046926217835000194,0.0015000622107810384,0.003636202036371421,0.0,0.0063800944442597395,0.0038486665198399243,0.001270153466603232,6.89177015759299e-05,0.004104122429737573,0.0014970871077190247,-0.002999072044019601,-9.84729928895952e-05,0.0006665256313420545,-0.00039491240858425896,-0.0011965812617513235,-0.0003988157376901871,-0.0017938105989138715,0.0001942235861908843,0.002975248067603185,0.000249443417513831,0.008600521464699553,-0.011867128925072216
0.0014391958977855721,-0.012048304795569264,-0.002252290776379333,0.0012484199013610858,0.002192989822870029,0.0012745198189662512,0.005994454893346743,0.0029887731579561626,0.000940628440710306,0.0026898909587148787,0.00039057744067612057,-0.00679731606911144,0.0006136908803308485,0.0019754547295063813,0.00010073199289058863,0.0015681163390634716,0.0016984214170818151,0.007760635255857502,0.0011817055108512599,0.0034680730847060103,9.199687659037156e-06,0.00025860324432875665,0.0017048642649573767,-0.008385803722908517,0.003300817850361985,0.0007481350744293957,0.00029019814844478487,0.0,0.021201979028584016
0.003782884390171372,0.004434509309963124,0.00041039336960329193,0.00215233098151437,0.014042001586236356,0.0024674791971505405,0.004780056431192877,0.009297232204234306,0.0,0.0016101667013180025,-0.0005053361250975443,0.004428291159395153,0.003124084385662832,0.0005436265239026668,0.0,0.01791492663287426,0.0004988835476024571,-0.0004993819711701327,0.0018692117549283978,-0.0036593876921785858,0.0,0.00040009009235148196,-0.00026613932194018115,0.00694675289272341,0.0031022479485849413,0.004368710327878492,-0.001497196658302356,-0.011627932516074104,0.001969364229774151
0.0030337492717077896,-0.011037352043249104,0.003076698747288224,0.0034603288361412885,0.01180505366956619,0.003816345688618179,0.006279749266185893,0.002604925866516696,0.00024924826961424893,-0.0008039959998808428,-0.0002021242889339955,-0.003607044433017247,0.0033812486084943212,0.000995780308508315,0.0032197668243078865,0.010727657411375614,-0.0004986347869110049,0.005896661517505726,-0.0011783573253552448,0.0004078226648771903,0.0003958684350178538,0.0005987719654266773,0.001063013861407985,-0.008098535766711715,0.0027055889342140565,0.002609561685203122,0.0014994416172810685,0.008104601307189534,-0.0047166383793235895
0.00348232071823789,-0.002678585390776506,-0.005316944903683715,0.004280485484129321,0.009535864570841941,0.003187475054618149,0.001890882495129984,-0.0033407880733418807,0.001373637046161959,0.00281602019778899,0.0002021651514214738,0.010962502065193851,0.004256924052151936,0.0022608919211661136,0.0003890061780726301,0.00746252652832492,0.0018956093149158648,-0.0018877662264622614,-0.00029489627093774365,0.003145240652135293,-0.0005932135804073781,0.0005988372328207705,0.0011943574915249634,-0.0030236793902160427,0.0036625029816673756,0.0036438620093214974,-0.0004992236099496804,-0.00207471467648569,0.010268348610622216
-0.0027397502354963113,-0.0033567578380048,0.0002058106179184576,-0.004144096000758113,0.0025553146518967392,-0.0020775628980124754,-0.0015096868149159946,0.002608162522882986,-0.0023686579851392104,-0.007742027129350013,0.00031095790246426364,-0.007578746651550386,-0.0023842440057139673,-0.003518892104555556,0.0,0.00016459152441994742,-0.0027881010170270355,-0.002985962936095409,0.0010823417444915694,-0.0004072360702804189,0.0007025020556979665,-0.0013963024654279894,-0.0011929327034137555,0.0,-0.002496948553811641,-0.002420396038675561,0.00024982872539590047,0.0,-0.0066458403003528295
0.0007548250769401945,0.00044904434793771066,-0.005138653849134288,0.0003438109571565338,0.0013300033636906748,0.0009629599793229805,0.001342083594185984,-0.004097760694309143,0.0006111494482468505,0.004159235716796906,0.0,-0.0008039057310983742,0.0030314880432430265,0.0010011053806857717,0.0,-0.002161806119762404,0.002135005623916792,0.006021083404721887,-0.001966733233088813,0.0006113062179163479,9.844950224873196e-05,0.0009186115546365652,-0.0005064750689822881,0.0009099629616059373,0.0012840497414215134,-0.0007698759030615431,-0.000205657366711369,0.009095686070686162,0.012937324867330164
0.006325900457017554,-0.017508709317256566,-0.005992027262881299,0.008218964812538735,0.006442785076546857,0.006008324440992736,0.002834253661421848,0.006265206708489199,0.003750448655831674,-0.002462392496540973,0.0008097434741219406,0.0,0.004596845633117764,0.005345047539554742,-0.004212668889620235,0.008773446597715734,0.0009988428586761855,0.0007968544706633305,9.85884379534297e-05,-0.0016293571276243372,-0.0001975348304145884,0.00039947356059548796,0.0003989388689562803,-0.006060770909434457,0.004623200399754913,0.0060840302417398155,0.0002491324771237351,0.012103965382232,-0.004293675975244037
-0.006924102516662463,0.005711594898079685,-0.004572820469580395,-0.0051982832392050435,-0.016887272869807644,-0.005972440083268072,-0.007160332490163294,-0.006318855114258233,-0.002366697227279181,-0.0008496591669297457,0.0,-0.006034212745065358,-0.0066877787467889225,-0.00306361074785737,0.0008056251787628121,-0.01821468198793069,0.0005992120802476353,9.92736313736626e-05,-0.0037442788032926587,0.0004081566587316345,-0.0004948225227179568,-0.0005990134038827553,-0.0005315893813532919,-0.0003047793485014665,-0.004601924779275722,-0.0051828383489804595,-0.0009985740039667097,-0.012722646634164036,-0.012543642914360413
0.0024772158719484024,-0.00045444380984935165,0.003967722664477305,0.003206525242361827,0.005949983172121753,0.0014714338519281158,0.003985552958250354,-0.0043019758425972155,0.0009985001630671362,-0.002835421895309707,-0.001415618476675848,0.007472033751958785,0.0023919771036287943,0.0005419999269164242,0.00044207030657986883,0.002674125728857532,0.0007977467370082508,0.002388422890178452,0.00019788754582444616,0.0014270502905294774,-0.00039557599549348637,-0.0003994686600845482,-0.0002652407558859239,0.004269453204776201,-0.00019255060294909472,0.0013891520344976882,0.0007502527612788977,0.01030933016261162,0.013893816982250722
0.000120260345328808,0.0029552154445006587,0.0004155804417919864,-0.0004209643891635678,-0.004969294653973539,-0.0006269385466421322,0.00013938467397122236,0.002529866614404426,0.0010980034355384117,0.005431536549530251,0.0005423239025485687,-0.002013008919391725,-0.002188236209569855,0.0012873022521606846,0.0,-0.005074106180369275,-0.0008664314383504696,-0.001625262578030707,0.003070375605968559,-0.0002045054239519448,0.0009013320061423068,0.001339602369842401,0.0014756570331778734,0.0,0.0008287356210598455,-0.0005481819510208964,-0.0009453224184864061,-0.009948979338036255,0.003470814279543029
0.002017318949934164,0.0013594416467310204,-0.002078798374557079,0.004154390979577497,0.0,0.003929063451180136,0.002081257538682336,0.004136421464379716,0.001871011088593289,0.003645302617628149,0.00020265827705607663,0.0020170692978793868,0.0034599344708211893,0.003523452440877329,-0.00040230518228646386,0.007565632237887061,0.0027973484271102103,0.004980024122405345,0.00029593466343866466,0.0010209081464786901,-0.00019805803138385039,0.0,0.0005312152886747427,-0.003036565150834805,0.0019279981087393183,0.0036521892064917626,0.0007501886353254457,0.002319015657845535,0.006271826808709306
-0.0015557907934447455,-0.002715927242161523,-0.002083377408516645,-0.0028369791259704263,-0.004386602942895024,-0.0033019707761613804,-0.001510281986731177,-0.0074899783414846465,-0.0012448347835687494,-0.0043987518457842215,0.000911447149250414,-0.007648645179744813,-0.003271095468300448,-0.0026109677751034372,-0.0005035798861006697,-0.009844709080551734,-0.0006972237614602699,-0.007334081194473188,-0.002664727135351795,-0.002243418708392048,-0.0004949154347847286,0.0,-0.00026552271285611487,-0.0006092185904386793,-0.0007696014406072553,-0.0013861560397580533,-0.0009998092325287382,0.00488426710106603,0.0027270011374635004
0.006232306928328116,0.013517331138949764,-0.0002123876086315084,0.008653438153681112,0.013556482192255323,0.007607563914023908,0.003971215425664869,0.002641286208355405,0.003240615058356824,-0.006525820162908695,-0.0008094888203395272,0.002992395771442183,0.005943299813705659,0.0047846325135757215,0.0005170284145891022,0.015840620228610318,-0.00159525564855379,0.004892443212290259,-0.0033647222405470373,0.0042148003194876675,-0.0018820308620567821,-0.00019977960549220967,0.0003982916699843366,-0.006095744551501101,0.005007748970473418,0.0052056268890514025,0.0012505571488837196,0.004604758250191857,-0.008546786002182267
-0.002322645942902525,-0.012107680727765642,0.002091478013212805,-0.001367677957867449,-0.001155104243588694,-0.0022623657800529373,-0.004107899275375412,0.003311913953582808,-0.0005272949661216973,0.011592208821303256,-0.004881334389422747,0.006082804760354205,-0.0006265693140939715,-0.0013919355835056244,-0.00020131046812524536,7.431542536369309e-05,0.0014672350162657727,-0.0004125997077456512,0.004772607697563061,0.0,0.0010714230836278435,0.000339170415619725,0.0020993084174203602,0.0024530961800016864,-0.0021125426601984326,0.0004542618100430658,-0.000676071297877052,-0.022154265342500697,0.01563307548189169
0.004024246303678306,-0.0036312991736640304,0.001878130287794334,0.00589677591662543,0.009739081224472873,0.003669214912203872,0.00397699632522667,0.004799912348539503,0.0013684911818940544,-0.00016157472257320808,0.005504577351064591,0.005642916682903966,0.007689902048734637,0.0029733883200252463,0.0,0.008488839515660141,0.0028955160206929763,0.0029858858098921657,9.9212129774873e-05,0.0010200301931637423,0.0001985153322738324,-0.0005992764843011503,-0.0009276933369044793,-0.0052002715664860215,0.00519420847930995,0.003112640139824049,0.0012501302740968259,-0.004427135186086807,0.0031008044984250772
-0.00018221025682370044,0.002277565641022391,0.0016662217977897454,-0.002579653831661768,-0.002993495011962734,-0.0006096908469445263,0.003206142707701959,0.0015924123754821155,-0.0008699859162425171,0.002386515229719697,0.00010140302238436516,-0.00040084931057608503,-0.00271897249531598,-0.0015271005480613914,0.0,-0.0006604081285040723,-0.001294309548694231,0.0011909304070288071,0.0017816687457179274,0.00020393303470353082,9.899983286239296e-05,0.00020004091851921185,-0.001325578530417267,0.0015374869870642225,-0.001148431863433236,-0.0005174300542590241,-0.0007494313616455528,-0.003400523149359077,0.009659917522166541
-0.002733212738743179,0.0034095189497349732,-0.001455476616835274,-0.004231996872641767,-0.003001795588809527,-0.0028038736501337057,-0.000187942340162318,-0.006265472677607313,-0.0019897630071059017,-0.003632146735303204,-0.0015205170510497455,-0.004811528462830666,-0.0021989673937228066,-0.003688721328574465,-0.00030248281682388216,-0.006771254625218825,-0.0012957487877728864,-0.004856625976212143,0.0019763025708390983,-0.002445416389973664,0.000595368853858301,0.0001997680802230965,0.0010621312347167775,0.01197430110956592,-0.0021072822733464703,-0.002069649222143018,-0.0007497825654283187,-0.007873989914645132,0.0053578883029771675
-0.010964045824766368,0.009286400387282857,0.0031235631206944212,-0.014401804984034941,-0.02509490498726037,-0.010881672614916816,-0.009777855896249316,-0.010540564206632306,-0.005733001580281114,-0.00886993544621833,0.002250840510324984,-0.005396026676194098,-0.012517753608411284,-0.007314495003258044,0.0006000427918075242,-0.017791769713487768,-0.0052894686607637105,-0.006474167327875554,-0.002268409531299293,0.001000823332760272,-0.0009913737108084085,-0.00019972818090783004,-0.0010610043089001257,0.0012136623796094859,-0.010560886178708376,-0.01054265707685899,-0.0005000982180344978,-0.002645449805435163,-0.01789116971445131
0.004741321824538472,-0.002244292588882177,-0.0010378256713306957,0.00560916128337617,0.007618574759708002,0.00442970724422224,0.0068503231323531755,0.006356567463236906,0.0028539754803907835,-0.0014092698007276351,-0.0030423651886596513,-0.0012175219518678006,0.0020634259594599115,0.00374268892377494,0.0,0.0011377558315606743,0.00406156477126976,0.004568942088017902,0.005740998672497393,-0.00040902655640883,0.0012701350328233525,0.0005798311919506254,-0.001428538115212719,0.010909042239436777,0.002784294297743589,0.003215526350176291,0.0020913873404218575,0.0,0.009535272457800713
0.0006448325441862526,-0.0006749603006370961,-0.00187043671447472,0.0023872350434797577,0.0039874348022198225,0.001726572750654767,0.0034001401890742227,0.0005693739672125907,0.0,0.006975457518027203,0.0010171650124613065,0.0024385651788816627,0.002409212078050799,-0.0004539599082756578,0.001007845463907671,0.008991963335799973,-0.0014004027422314838,-0.00029996077028660625,-0.0012804536755086954,-0.0012282797969589095,0.0003968095409047827,-0.0001999696269554361,0.0014629357225539785,0.0,0.002326614702523641,0.0001744625032485915,-0.0014989133766859938,0.016710901413503943,0.0065560718749335676
0.0013809295287960858,-0.003826376842757019,0.0018739418040257586,0.002738839948289724,0.004084865802555157,0.001354227645783386,0.0024469415492566946,0.0007586728382994137,0.0003752028254810795,-0.005297230980112042,-0.00010144790137475708,0.003244031678561875,0.0023144903141979144,0.001453029883135863,-0.0016109970024738422,0.002522706429288507,0.0005010253314181884,0.001499459149208545,0.0017752620487619638,-0.002459152305868044,0.00029738605929576975,0.0009999423224128336,0.0002657450767995074,-0.01648680981999337,0.0017403038570577513,0.00017462426186359823,-0.0005006603774207277,0.006991859796928751,0.0026816075232738643
-0.004872693060536377,0.004633336414570031,0.001251543041060696,-0.00486886552304213,-0.007006649097014068,-0.0038111316149591103,-0.010328404085964872,-0.0011368214276326453,-0.00187604048244537,-0.001966544910292634,-0.0018294645414627644,-0.003434636075559189,-0.004440676126184895,-0.0028108213084409328,0.0007378737067969157,-0.004528868494998822,-0.0031045233712223928,-0.00319380260385289,-0.004233396786338898,0.0034387033433364344,-0.0008920619985572568,-0.0015981192638696846,-0.0005310125114704527,0.0,-0.002702862302442487,-0.002616754445867322,0.001001822327586093,-0.014197652728120609,-0.003056600654729223
0.0056542880260052435,-0.011939615053528342,-0.004988806832643835,0.006221270114957243,0.014411620905912687,0.0062623494077279325,0.009107614037636684,0.009412706550909816,0.0030992039121154184,-0.0016626230113210775,0.001149708011758638,-0.005691281069949353,0.00641067873808527,0.004575276961266057,0.0,0.008583517214908737,0.0022094716612522983,0.003996039010277982,-0.0093180908344908,-0.00246208184056698,0.0009421509303201493,0.0017610689874848434,-0.0006099509269176376,0.0,0.005241704196259531,0.006688652633337648,0.0005853756475874517,0.024967175426206984,0.01086575504519291
-0.002851979780402771,0.007751696276497664,0.002298036526966538,-0.0055858661717688,-0.0055161422083250256,-0.0025810016060591077,-0.00018852603134968403,-0.006035089047275794,-0.003126440904125009,-0.005358824339463296,-0.0021383048673441546,-0.0012267621035889221,-0.0041727689725532795,-0.003444690670559737,-0.0021173180777698773,-0.0035198570746400063,-0.004416942938531143,-0.0006991208019604383,0.001999964276604095,-0.0012337067876654784,-0.0010909568933195944,-0.0004000206096840429,0.000133311718655702,0.00030468642019781727,-0.003087006403384216,-0.0026121590155485184,-0.0002500585428386308,0.0,0.009520251002941623
-0.003413945342926928,-0.004750940406539709,-0.0014592799259367714,-0.005975874996480834,-0.010187604999076321,-0.004435493634294142,-0.004146522486345053,0.001707494615246463,-0.0013796674763622099,0.0016577598286653976,0.005102407612897935,0.0004093458064207917,-0.002852763604325726,-0.00236475160051478,-0.0006063819443448867,-0.006392164884037971,0.0009078223501616185,-0.005297481003173028,-0.002894117489641936,-0.002883606531843576,0.0004965310834867592,-0.0015996445055896677,-0.0005319830404181947,0.0036563637041870725,-0.0013545208117555314,-0.0012217907729448793,-0.0015005947590105825,0.0,0.0052806820435044996
0.002059498117239666,0.0056845501369793714,0.005432813069206087,0.0017691360990323977,-0.005644200115880221,0.00015940707127286608,0.003310010283435865,-0.012881332831868923,0.0002879210437459793,-0.006619597872434188,-0.0023353779491888395,0.0073461898867799484,0.0007924241453909736,0.0008758027846745161,0.0007447882531779957,-0.006928358062240981,0.002218614332464568,-0.0015862170463943005,-0.002402201948879975,0.0019988341985328266,-0.001290674193368759,0.002584398911097739,-0.0006656170539937425,0.0015179759488569314,-0.0019382212248269407,-0.002796992032833793,-0.0007514117673141071,-0.023333333333333244,0.007880336691839709
0.0060178975024314865,-0.00882932713151697,-0.003950031069451566,0.011196528442106746,0.01578199884222737,0.006562704303011007,0.003592972571589038,0.012968258251221266,0.004021454127492104,0.008411970062902773,0.0018522813118539863,0.0,0.007878311588317956,0.007298379342221311,0.0,0.016253125293994163,0.002719807325424483,0.00574705743411082,0.00685339447916879,0.0020672275102151705,0.0018096135625239496,0.00019957750146310438,-0.0005096642611090264,-0.009093866051738285,0.008606054369030045,0.00870723262978773,0.0006237947438747553,0.024940955631399142,0.016116258848446648
0.002484914401975372,-0.00845133653155899,-0.009601117642042864,0.0028576852579656788,0.005670356116452729,0.001353454976360261,0.0005655400863155317,0.0009576775583857392,0.0018778933126905968,-0.0009137106333755769,-0.001933022124022472,-0.011851116960905694,0.0027533039278390104,0.0008153309895529372,0.0,0.0005049394829378278,-0.0011052933080450242,-0.0020047435439362717,-0.004211039095019238,0.00041268289673825314,0.00029779244955658706,0.0,0.002532935805121969,-0.002141319423603725,0.0015431375868627428,0.003657167819352629,0.0017543106191464347,-0.008709016170363222,-0.003313589116150336
-0.000826354990037393,-0.005298712562295646,0.0040037984374994276,-0.003086576487372793,-0.002593991453467768,-0.0011061467561412418,-0.0011300553240315705,-0.006792679470741701,-0.0009997840590309768,-0.0033249992558023714,0.0,0.002068253865237751,-0.0031889517069383327,0.0004525400178767294,0.0,-0.0035334244431206407,-0.0013073019056086173,-0.003214395596098073,-0.006443675772202754,0.0012373799891613338,-0.00029770379561404884,-0.0005997322533368704,0.0015954790819471035,-0.0012260630447676255,0.0007700764157744008,-0.002602651626417425,0.0005000752695229169,0.007467622546056316,-0.0003696922411056102
0.004685746873430186,-0.0104216719543803,-0.00839610757562007,0.0072639861169698575,0.004409570533178832,0.005165716147643625,0.00999242940214878,0.011269555327535765,0.003001545794030855,0.007923188667614841,0.002752734065120618,0.000825259969880863,0.006398374381121639,0.003256275128324129,0.0,0.009118419483692564,0.003423917872641723,0.0068527230298125325,0.005877719204568193,-0.0010302663740365263,9.915496386610078e-05,0.000600092147952972,-0.0014600772966614078,0.002762348446924223,0.0036558955732879095,0.0033056100355492927,-0.0004998253192416829,-0.020492934955650872,0.007390854506780339
-0.0002741878188451978,0.0019768745724987246,0.0018954514926399488,0.002719724576212624,0.005177758286907881,-0.0002445011242027976,0.002240100709093365,-0.006190937118181081,0.000997499146385674,-0.003723374016138541,-0.0015221510844535351,0.00045660601826202197,0.0006182440315657102,0.002344347485198608,0.0005265851416431643,0.003848802949367081,-0.0024085788072575557,-0.0013011249876627837,-0.011585996722708342,0.003475838405489378,-0.0008938487375752557,-0.0009992933084559358,0.0006645297748787426,-0.008570551460206518,-0.0011500839551282786,0.002947744314776654,0.0005000752695229169,0.009714637593994102,0.008437251165053963
0.0062144258620289074,-0.009356676335794343,-0.005713003078098612,0.005183061940574267,0.013295953466260285,0.005695718709712115,-0.0004451604276341837,-0.002220265591412083,0.0017987073352929504,0.004295509816969537,-0.0008152217845346193,-0.00577322144162521,0.007850760597175198,0.0013907833662136482,0.0,0.007069532386747879,0.0012438064378231751,0.008147153487272527,-0.0014545884970082901,-0.002470267771026866,0.00043719355975804216,0.0012405103127763745,0.0005567600485095664,-0.004631004830426659,0.007175892247427145,0.00369666988756487,-0.0018297167458996672,0.026944243485795456,0.004962516419483557
0.00018226743843117652,0.0007085121902081638,0.0006383234292472169,0.0009407986796320744,-0.003659375388489468,0.00036558258385277736,0.004476575552715383,0.0015397325538855735,-0.0004978057744570498,-0.0024862543464192013,0.0020399265585024353,0.002073637793103085,0.0003505673555759456,0.0012595665567716552,0.0,0.008137569785533797,0.0022173572640740284,0.0013976285193851696,0.009308151540369354,0.0,-9.975068670416216e-05,0.0,0.0005318908743687127,0.00031013638393474297,-0.0015273186049389188,-0.0003453229929876232,0.0,-0.011868611710535928,-0.0003635113067320388
0.0015483174949558628,-0.007315093464756475,0.0017017446042068005,0.002583540360556056,0.004006429788044143,0.0020726077215740967,0.004085467902165175,0.001729831227791358,0.0002488291929577349,0.007478284355922336,-0.0024430076183668587,0.010761812123595308,-0.0014025802179513682,0.0007185593899082306,0.0,0.003130617464588704,0.0033183846453920546,0.003290166441683398,-0.0005064597820341656,-0.00020647062574929707,-0.00039785857453313375,0.0,-0.0006639958491268728,-0.000310040229179191,0.0019120737818440427,0.002072275747298444,-0.0010025120982193024,-0.005622310104208877,-0.006542883635557764
-0.00527461538927022,0.020343223622762214,0.009995950552265443,-0.007497169747909862,-0.0014410672721241024,-0.0053528035017976535,-0.0011097573244919275,-0.0021107818502064807,-0.002614790204252084,0.0017317652171270296,-0.003163064552660427,0.004957725118832359,-0.004038428005377699,-0.004489289286007089,0.0006295618803823753,-0.006076701254230573,0.00060173398485089,-0.00029800438336288185,0.0027376520840966053,0.002333944868737293,0.0,-0.0005999894987586838,0.0005314151898228991,0.0,-0.003626201679096483,-0.005169824887273175,0.002006508037640107,-0.029812387561038205,-0.0010977756945124966
0.002373462082264097,-0.006532821481300838,0.002316016147493258,0.0010058775889616163,0.008691935623695978,0.0015252687022908329,0.001201526752668424,0.0017306563700418534,-0.00039322235243336194,0.007996559056964642,0.0026479504510004003,0.008574658523427195,-0.00013328784630149468,-0.00034111336532011074,0.0013141406328469,0.007058217267914059,0.0012019023727765825,0.0002980932164480341,0.0021258477330423392,-0.002889200010779758,0.001393662051012651,0.0,-0.0008115495184818742,0.0,0.0018201255641771548,0.003356081659219639,-0.0018720659020336977,0.005350993377483395,0.006142535746776001
0.006854244268977613,0.014326025142178588,-0.001680460732217738,0.009335133103012124,0.014903531072016543,0.008198652885990126,0.0061087265181443565,0.008457244781784595,0.005001279631584404,0.004463347132956798,0.002657185762013193,0.010121396563696865,0.009181687551703215,0.006053520504159718,0.0,0.02041168150719542,0.00300148302967532,0.00626081444687261,0.0010104450865500443,0.002897571674894097,0.0010938364245861203,-0.000200010942719474,0.0019950471562331395,-0.00031023108206733953,0.006128905033593482,0.007439453786616806,0.0010037831347796038,-0.026138306281618756,0.009506296324597787
-0.0005444053600846229,-0.0057884427317384,0.013675732475737251,0.00023439235106166974,0.005874194870383035,-0.0010920584902515042,0.002023964581064955,-0.0005717016478432677,-0.001990703781749391,-0.0003671998328086256,-0.0007134782728833415,-0.007615046661682081,-0.0006125301879164427,8.989933741923321e-05,0.0,0.002419763430493098,-0.001994900411684148,-0.0003950617818362356,0.002423500075169918,-0.0008255017852764411,0.0006955492433283,0.0008005207579065615,-0.00013257056677630944,-0.0037232651704623295,0.0013326495996667765,0.0006866701415246777,0.0005013619003735905,0.009740287060072616,0.002173598217236237
0.00363277487929249,0.005123587696874181,-0.009340350566595924,0.00561749010482296,0.006705121924130164,0.005224539313485042,0.0,0.003719203311361393,0.003490397280615316,0.006607241327656963,-0.0023462189104428107,0.01489641106904952,0.00577733619908645,0.004130445363211675,0.005612121533657401,0.008368025075130644,0.0027985164237972564,0.002469716830357101,0.001410492894592471,0.0025092375237789327,-9.917764674144474e-05,-0.0001998909382542055,0.000796619434360216,-0.007785624610244906,0.0007605770722528909,0.0022310461246905786,0.0017540718998873927,-0.008574490889603437,0.006504689429690625
0.005357481831250758,-0.013902096845091316,-0.004399773688790185,0.007635295801221849,0.012153491822888529,0.005847061832892611,0.002865830355731932,0.006276621933726971,0.0036821689448236906,0.0010935940048436188,0.002377732571526058,-0.001596102814009107,0.006711571085405018,0.00419737600399398,0.0,0.012017207445542124,0.0009968911078872776,0.004927761486227196,0.004324818242110493,0.00227173654808821,0.0016593134069037793,0.00039994627120949235,0.0010369910770737726,-0.000627766682892465,0.006917411195100626,0.006446487289337771,0.000800599521772542,0.003999972972972937,0.014474189755250447
0.0006312614384151441,0.0014099150112895716,0.0027359811195794823,-0.00023125001702834107,-0.0008519854209500228,0.0003612147531169282,0.0003666428662821013,-0.001040373288222816,-0.0011150087227003733,0.002140583746247581,0.00020466866826268689,0.004796276140759639,0.00034629942558377444,-0.0008918809234019305,-0.0020101153956032527,0.002847698645681659,0.0022898601575360826,0.001274855025137158,-0.001705098418151547,0.0032972374310076442,0.0007933116077387902,0.00020001983734096743,0.00013298734387263592,0.0,0.0007559428951330665,-0.0003407375060809201,0.0007507753343280089,-0.005087730297397593,0.010302152361547459
-0.003875598102936332,0.016893419997747752,0.010283462201705992,-0.004978974192102879,-0.0033032015114640386,-0.0040930350488175135,-0.004580244163180629,0.0003789688685822187,-0.0018612516054415849,0.004858762852925938,0.0,0.003182224803205896,-0.006318552424345317,-0.002588633489409241,0.0012083421074062847,-0.007572180915599795,0.00019860472314438043,-0.0005877709553912477,0.0009044802208762764,-0.0012324116858909947,0.0006940641132706602,0.0009996248373185606,0.00013243940063652725,-0.004083062620746636,-0.002455290468435134,-0.003411287095340405,-0.000750212093592625,-0.008117102735463736,0.00386761440582957
0.0033478848643423184,0.001153597682839064,-0.006855429253114204,0.0046542650651491616,0.002672813866930692,0.002901230028958585,0.00018410734106474736,0.003973891549952007,0.0018647223228587077,0.005721225181543846,0.00010188986110837218,0.0031722633857837303,0.003920064752344255,0.002684962652971503,-0.00010062992305951084,0.006994007214528708,0.002383768031567002,0.002449805828295589,0.0044172066851571115,0.001439580344922039,0.0007924587755539432,0.001198238055610548,0.0003980050634514946,0.0,0.002461333757750176,0.002909336477484112,0.001501471764258798,0.005210125753566667,-0.0017512554440474292
0.0007213598118776097,-0.010962013521913928,0.004388965096289563,0.001042357597113078,0.004798556613963529,0.0007227375584152246,0.004784545800240305,-0.002639169988359565,0.0002475732427092679,-0.007692010324580035,0.0013403828536725016,0.008078725419024312,0.0012145716222734895,0.0008032265143385214,0.000848649837269578,0.0031571449950226448,-0.001387270795396232,0.0011732730624647,0.0003998365010366285,0.003789361074943104,-0.0003958001248644672,-0.0007976587578351862,-0.0003978467184430766,0.0,0.0009441586841747193,0.0022186544216836104,-0.0009993229122431664,0.0013569607249368444,0.004912327637786138
0.00393050338221796,-0.00023330835097181495,-0.0022941069461985077,0.004603154978671263,0.009383727720471882,0.0041540523702087466,0.0012147814117431904,0.004160253738474589,0.0012976638907953632,0.00572503802626544,0.0006128204112795903,-0.007468259306058462,0.00348990957550167,0.0020730566693093096,0.0003020648025528676,0.009000893753677245,0.005251573817116154,0.005281737915474899,0.001601284089845991,-0.0012302876264726995,0.0018036574919294672,0.0009982276701325985,0.0014269359128273097,-0.00220743282985152,0.0033399496693808034,0.004492237891902903,0.000896431178665102,0.0004064769427382683,0.009767505830158995
-0.00593530999961276,0.005602309778331891,0.002926318573171651,-0.008771064406928406,-0.015291925198189603,-0.006489847167369109,-0.0007322523418673177,-0.005089203493629504,-0.003844564409329176,-0.0032191784130671678,-0.0026541958719003746,-0.002376631565388423,-0.006747485351223723,-0.0060607206175233965,-0.000804901009497634,-0.016583132896336474,-0.0029704023321631017,-0.0045854961684993825,0.001698281637816649,0.00041034862484215116,0.0004950774037424376,-0.0003988970928028952,-0.00039722895776384665,0.0,-0.006217136263344696,-0.008493353710141816,0.0017515443022149122,0.007991277042089387,-0.017014015248292737
0.0008142893917712487,-0.0009284500539367039,-0.002709485820582409,-0.0013972900936247078,0.0012855619447645914,0.0007260261697302802,0.003298631682933367,0.0006631068238084668,0.0,0.0023414755240217136,0.0021494770329446968,0.00238229339907869,0.001654683593918592,0.0008967580884282568,0.0005033325554186576,0.005567908213478083,-0.0006953543447272242,0.0006861136977781997,-0.000997316374250794,-0.00287348837147176,9.868348371589582e-05,0.00039905627519093364,0.0002651010890943377,0.0044248257271349,0.0,0.0020557692182308573,-0.0012489080510125208,-0.012362241665204112,0.004945309529884238
0.006056090258678854,-0.008960002831508036,0.003763171341300885,0.009677106019158364,0.016151003390739285,0.007373394819541149,0.004383434394732502,0.007099681612393797,0.002863330005743123,0.0004835956017959655,0.00040861141668268165,0.006639787874523204,0.0069559634871755455,0.004031857695509024,0.0005663095608893269,0.01455462554040505,0.002086767370527911,0.006758272984244648,0.002196008834903645,0.0045689463955225435,9.9072004595917e-05,0.0,0.00013225066242375391,-0.006607967322246908,0.005687209629633134,0.005642073924423339,0.0012504697727792925,0.0,0.01335676193703418
0.0039549403613861,-0.0016434656615147516,-0.001042222400502464,0.006387779914145394,0.012740175154906766,0.003730484481363229,0.0017347158581748168,0.0038646718636925533,0.0037005962392364475,0.00411756996161623,0.0025767325577933336,0.005128129065557497,0.006260318365361842,0.004714132976823943,0.0009056604362103588,0.014009985026436769,0.005575736461999783,0.006314729452998147,-0.0008961996586967988,0.0032862657870606675,0.0009897206708219038,0.0012589880271081332,0.0010136437021906516,-0.0009502516903327703,0.006021639184888882,0.0061951794500513,0.0031697524401740397,-0.0050067482993194105,0.00693200306224661
0.002421060122778586,-0.0061151307042711465,-0.003757165848259989,0.0018398025432164078,0.0025022432957500893,0.0020369453379930095,0.0007268288578873682,-0.0035621299572757455,0.0006191927857247723,0.002009789361828569,-0.0015301533514267811,-0.004709607391263786,0.0014613378945278206,0.0021344880147863665,0.0,0.0003085900294566453,0.0002967624481751416,-0.000194094297595548,-0.0009982429664475438,0.0,-9.863970177016608e-05,0.0007978423771799414,0.0007949200056154044,0.0,0.0009386497435459966,-0.0005081471468322653,-0.002741378036891161,0.01241585011125885,0.00242097544816571
0.0008054311797874081,-0.004969354972639921,-0.007123431009176125,0.003327996744590267,0.0012482254209361515,0.0005973438104129767,-0.0005445894617491243,0.0030103486558579755,0.0009898399815600305,0.0028078124369017416,0.0012260644548444152,0.005126151346523568,0.003347602595635623,0.0016866849963255044,0.00030153644616107313,0.005243824978780215,0.0010877637957465015,0.0035917686184825095,0.0025978444766987,-0.0016379169488828214,0.0005935927539092361,-0.0009967810462219837,-0.0001325228260098673,0.0,0.00018706895260971705,0.0013552577947451828,0.0004999669126056422,-0.00783360345759066,0.0072465672066521014
0.006882266097633899,-0.005842774332234772,0.004638605427243732,0.0078931616896199,0.02939641095479175,0.008004956301799648,0.013444648758646429,0.00853496635381978,0.0018544629341356296,0.003599714864760985,-0.0012245630616018698,0.011483637005401323,0.0068439160273773844,0.0035438971268436296,4.673084875081106e-05,0.028843155615879683,0.000494110492364532,0.005513643345539615,-0.0017936784073584336,0.002376812463727691,-0.0010878066002544169,0.0003989798515700842,-0.0005299529251416282,0.0,0.006186706968061625,0.005582908886258796,0.0009990412200961967,-0.01089022597331872,0.0071939629655686545
0.007226691987050484,-0.007187103999963228,0.003155325150265923,0.006900045749133562,0.02454111471261336,0.008128533272258955,0.0067491525940328615,0.007828319222886525,0.0018497568131798808,0.004862640578622365,0.0018189266025386407,0.0,0.007458917327941974,0.004464050605812165,0.0036201980823903452,0.024456333394384817,0.0053606314283898785,0.010256295636495045,0.004196459952138039,0.0030757782183077746,0.0016039988493093814,0.001137472629032768,0.00023379779863810684,0.0,0.008063705390837471,0.00765504264419797,0.00038143347441429895,0.0013762454513489893,0.013403305875683004
-0.008741999066663087,0.01833938833278706,0.001257939807713898,-0.010842864305370271,-0.024693681844682458,-0.009895123888679018,-0.006060626422214591,-0.009151785644016516,-0.0030828002008653557,0.0016310232155186738,-0.0005105950162826089,0.0,-0.008447815438106101,-0.006689885110182713,-0.00320662821312065,-0.026135422437284447,-0.0024639904689747623,-0.007553960661050305,0.00308757351352135,0.000613331153032108,0.0002967397098370493,-0.0001993832872288157,0.0018558232180518,-0.015852914790913913,-0.008331825903867121,-0.008198134686399865,0.0007483196291377655,-0.017674573455894217,-0.03133426358943929
0.002405243638497881,0.0016592965911494918,0.0014660557730418321,0.0014845314613976652,0.003848621967364515,0.0021416152520540048,0.0017933238786405714,0.004571427681244768,0.000742082436293963,0.0016275331060666915,0.00030644998293101987,0.008553657796476705,0.0003406852937682139,0.000974864112872158,0.0003019520830806035,0.003148445361171059,0.0,0.0040465342049503744,0.0010924716069568706,0.0006129772628085402,0.0005930837991492353,0.000399077130198424,-0.001190812317815802,0.0038660063795088774,0.001493435229818959,0.002024252747152998,0.0012468069832274411,0.0,0.017391281302613405
0.004354435965743039,-0.008753432723676602,-0.0027184297865925234,0.007182703132483173,0.01331721986909531,0.004868024663690252,0.004296552597278951,0.002136460633204119,0.0024719905426279,-0.0019420287072556253,-0.0034722584570167,-0.0015422578259285619,0.005706556624608854,0.0033640549859016845,-0.00010061680615743608,0.007473029067726591,0.004346999325537562,0.005661789484123565,0.0018846348819662546,-0.002450230681125233,0.0007906719187813484,0.0005978625296605468,0.0009271370989121462,0.0,0.005220071033541207,0.005050226272157896,0.0004982427316933524,0.002882166941825241,0.0075216205476138906
-0.0075207414104956705,0.004050173427531645,-0.0042038128255178255,-0.008376877186571182,-0.022102877910224618,-0.007561406138092536,-0.00552598148568564,-0.00546761806254044,-0.0034522657921866296,-0.002025697009432163,0.001971721516301662,0.00010788615208836908,-0.007960809397067253,-0.004323425423452928,0.0008240532590882122,-0.020175234967718003,-0.004131399416576671,-0.00916058369513243,-0.0028712164350014045,0.004391124078183068,-0.000790047250605784,-0.0007969604925979003,-0.0009262783119252428,-0.003851117933011613,-0.007047234064872588,-0.007537455843027269,-0.001493592425868608,0.0018694475446427914,-0.005768795383574522
0.0059404054610788844,0.0009524277781673053,0.006537348964065673,0.006788670579643175,0.018583765040962697,0.005894787955643228,0.006453750492065863,0.004469993196576975,0.0023605538309644947,0.006364744180192403,0.002869467238909277,0.009671348597648429,0.007791628928460476,0.0034725727754231737,0.0003013169477000206,0.018450970050138817,0.003673666448601394,0.007488632142602296,0.003376303659384081,0.0004089929795184351,0.0017803388687683008,0.0017759076743037031,0.0012962900806629788,0.0,0.005330622890934957,0.005311739824057036,0.0013479686706386446,-0.0036761354700717117,0.009399584820426164
-0.001331556410724557,0.009036736848067169,0.005447234862895264,-0.0030679018011090364,-0.005115047055050276,-0.0015415990176395429,-0.001782907194743846,0.0007437590829168484,-0.0012364861648914533,-0.0009908404761264358,-0.00030635625307500483,-0.002681935144751536,-0.0026300105947414678,-0.0018572396010213372,-0.0007033759028026985,-0.0005963803242352379,-0.0007884588130830933,0.0,-0.001288320011248077,0.0010206131353090524,0.0007896631213636962,0.0003987723496399782,0.000661823826832795,0.0,-0.000558006203861845,-0.0005047167859670843,0.0004978854612904459,-0.0006988678854581372,-0.002715314412506796
-0.0012446984698010035,-0.004478242601016235,0.0004166175076005357,-0.0034192314413005586,-0.0010079807363034383,-0.0017814780168333485,0.0007145665733400412,-0.001114580350905136,-0.001360885309385492,-0.0009522956146206448,0.001533333619929434,0.001536685968379528,-0.0018715868492527727,-0.0015949352705971849,0.00030192183758060576,0.0,-0.001184262609644976,-0.0009581885335606672,0.0006948677062697876,-0.001631790559317032,0.00039471804882888257,0.0,-0.0005289312605006448,-0.0032216555897325067,-0.0013035879554223395,-0.0021882347497614537,0.0002491579442257474,0.0,-0.009189971312811004
-0.00026699678291260094,0.000942033344258428,-0.002919702266507543,0.00022876957417309986,-0.00030273854647474495,-0.00011886507594693916,-0.00285530889427804,-0.00027930262445994555,0.0002479720507253074,0.0023829426419141398,-0.0038788534692817725,-0.0015459251753863544,-0.0010227525157259537,-0.00017747206253063345,0.0003065709544748727,-0.0019395836223225012,-0.001382576330769526,-0.001342605596673559,-0.0006943852004183053,0.0010421196726903537,-0.00039456230796454134,-0.0005977943713499973,-0.00013252494183316085,0.003878468683439327,-0.0007458825833723207,-0.0011808025636868913,0.0007468703939950704,0.0,0.0006871362016957158
-0.0033264943946706787,0.004026990587395872,0.002928922907372498,-0.002284145020898061,-0.017428768667405222,-0.003152480949485112,-0.002224738234441158,-9.787551696558985e-05,0.0006293805343269974,-0.0017714841021463305,0.003271082240276239,-0.004622364577843298,-0.004509959299788447,-0.0008763681244667197,0.0014079995413772135,-0.014746756209412784,0.0015353277117155526,-0.004293450368430528,0.0020837727268821307,0.0008181804154635468,0.0012632811909178386,-0.000597753594567198,0.000651867516981233,0.0,-0.0014987298047492196,-0.001257897169972254,-0.0007077465412666804,-0.009230825174825184,-0.017507958198169155
0.0006265477363748037,0.00023571415362981342,-0.0037547733633284627,0.0012628993350810105,-0.006594307350863042,0.000478398329345866,-0.002513496363038032,-0.0038253614413344783,0.0006199458459070108,-0.002585902526792042,0.0009208515628351543,-0.0061920726066001614,-0.0017167493265750034,0.0008899589462732449,-0.0003013874019226265,-0.004564676360266796,-0.0003959904254406216,-0.0003869606768106451,-9.936545388993202e-05,0.0,0.0,0.0007975304394526253,0.0002648984492807081,0.0,-0.0011233564462562254,-0.0013558867639036243,0.002491853585673913,0.01439870211172796,-0.011180946648284748
0.0038460556766403203,-0.00047179511842343713,0.005025270405765895,0.004473124729929938,0.01877388186930973,0.0041842508149026675,0.006479326365217294,0.00814812653532777,0.0012385386177526786,0.008336784420406322,-0.00020418093995175807,0.009735151108620723,0.006363332592082425,0.0029332151605642297,0.0,0.011311749245017913,0.001979515492363592,0.005994097653840924,-0.0004960266443605806,0.002043778858822961,0.00039462599976924977,0.0003987723496399782,0.00026439822295721714,0.0,0.004123847004534786,0.004412011180339667,-0.0012427257946277296,-0.012552184803785152,0.0155479541787402
0.0016927117510853846,-0.006606664009757729,-0.0047917251406623465,0.0009134157415202018,0.003868842859784789,0.0016661393538424,0.002145960852299161,0.0028800843036110965,0.0001239979268252735,0.0008304255956215238,0.0014316225366299829,0.002699573596178503,0.00187972966125996,8.845832992239112e-05,-0.000803560692977789,0.006801081499840377,0.0005926057899344245,0.001153169190917748,0.00277864936896819,-0.002039610346316922,9.875545135863276e-05,-0.00019926479044999918,0.0009262171378077467,0.0,0.0018665284124168469,0.0010137681187141591,0.0002488804611465421,0.0,0.0006955487638135303
-0.00747189396552987,0.011289469292398298,0.004185747924466027,-0.008213239571368276,-0.018864094598740017,-0.007487298882878951,-0.008208466277001836,-0.009911747750917526,-0.003463983237018796,-0.006481977015170715,-0.0015157720810885472,-0.004792862862806236,-0.008869761044027199,-0.00522847005168149,0.0013454638842017115,-0.01696425211111854,-0.003751514101768642,-0.0067189996535769285,-0.0028700248102899034,0.002064049736608197,-0.00039458744138227834,-0.0001993883342650446,-0.0009253600534675824,0.0,-0.007639112119848789,-0.006244529103440868,0.00024889664888882144,-0.0036360100341046773,-0.028163950337353125
-7.48195569475784e-05,0.003763755783042444,0.0,-8.640302566641132e-05,-0.008208456006604917,-0.0009679718723007519,-0.00224155181433228,0.0006260118642497514,0.0003345827566244918,0.0021816448807227096,0.001127013090927472,-0.0073615757282449595,-0.0012694082646540984,0.0008132095189797249,-0.00110548016215724,-0.00711111698633983,0.002773104288052702,0.0010320548011790397,0.000989869468611699,-0.00040857131867477595,0.0014611930774494938,0.0007777989279723398,0.00147519288700754,0.007083098201550439,0.00044771409923886045,-0.00025169061597620553,0.0005146940035856805,-0.002545969026645951,-0.027392721069491636
0.0041301139645191064,0.0016406513183343868,0.0016703290668393408,0.0042645965930225155,0.013379453432889543,0.0044433998791237155,0.0027076702933411627,0.005158466675172989,0.0014911738523169602,0.00401911285035182,-0.002353439349327897,0.007806664929702169,0.004746972074792064,0.0027630473138124468,0.0,0.010490788587323323,0.0015832844641285766,0.003675717050049657,0.002581625877651109,0.003272142957640657,0.00029584888654970054,0.0005981125439778437,0.0009258083996657123,0.0,0.0028207225394690128,0.003404796733939097,0.001244210004311168,-0.0033180943458930518,0.014406925965331953
-0.005991113892208464,0.0007017959278695118,-0.0018758559614968648,-0.0066563982676155825,-0.022073180380422247,-0.006456315495206411,-0.005760752225181579,-0.003079295723742025,-0.0011164844028455658,-0.011494007778890722,0.0033840189286177143,-0.0046479291387506345,-0.006957500637455443,-0.003999934692342422,0.0005027549551724059,-0.021068665592001084,-0.00256863113447106,-0.0055895196832405755,0.00019760995348218845,-0.0026499915937977427,0.00019713962395684315,0.0,-0.001453504018530364,-0.0006394394431914071,-0.0050628988440237655,-0.005938239895399107,0.0002485015910156499,-0.0032155192661118192,-0.0196646132878548
0.0007195321942538369,-0.003160124318588964,0.0018792922397406577,0.0019638829009278077,0.004007908883077165,0.0009627201317524227,-0.0003619084187450807,0.00028100092754775974,0.0013659929247684158,0.002405802417362863,-0.0012260375651867088,-0.008503480534035445,0.001816351242123829,0.002052730365227925,0.000981555790594507,0.00015574811040677006,0.0007922263981281299,-0.0011629124438654968,-0.001880990734979059,0.001478943786002667,-0.0001971007675856397,-0.0009958327331745364,-0.0007940512597812657,-0.001919350428995411,0.0005652792265267736,0.0006825998986880577,-0.0009938113718269078,0.010990636910952076,0.00037125391806964623
-0.016034785639922527,0.020671999648336287,-0.0018783927229466077,-0.02069771576825221,-0.051504018820693866,-0.01707510216770398,-0.011769463478586858,-0.015374325082374057,-0.0052094020720655785,-0.009164850802236923,-0.0010577864992293554,-0.020070710946577697,-0.018632856433682742,-0.011130533630133756,0.00030176779428570447,-0.046457623002825583,-0.006107496889732782,-0.015852241219049417,-0.0012940271438821687,-0.0057259611863849725,0.0009271297599105283,0.001336546050366668,0.0002585889615643282,0.012820537075107255,-0.01615503523956811,-0.016648076963097905,4.595105419574375e-05,-0.0038120004570948406,-0.030510061017189925
-0.008054820198816136,0.012658097443308312,0.002300250300243834,-0.011445401929579976,-0.01133183420132105,-0.006862092442149304,-0.0022018061413645105,-0.0065689077499209965,-0.005118539597210649,-0.002023716370862825,-0.00194938479120486,-0.006024049607079606,-0.007402651613774806,-0.006494698930473721,-0.0013066090230431078,-0.01230315799407914,-0.001994998195450825,-0.006125663898087357,-0.00019877346951763708,0.001234001263621265,0.00029595454704504443,0.00039871690748026993,0.00013252602859581286,0.0094936242086902,-0.0076716447567663154,-0.0066049348109899035,0.0,0.0024093821544613593,-0.01923822622706504
-0.0018457276374029246,-0.008636229644860095,-0.0008343692146273817,-0.0020289399047024033,0.0021348297282851427,-0.0014809515607696374,0.0011031852876619117,-0.003066460439481832,-0.0007530963953014896,0.0020278201036036526,0.001130528843846558,0.017373859095472153,-0.0009766869189478655,-0.001271253553789037,-0.00010074646433229706,0.0033214849402269275,-0.0017995093106650554,-0.0005961584456101988,-0.00019880236110075359,-0.005957230275736844,0.0,0.0,-0.0003974422303138614,0.0059560987315635475,-0.001546293972689623,-0.0008752263963531878,0.0004977672116300156,-0.0066450158832172855,0.004315458320422272
-0.001386712211783348,0.007907896845270037,0.00753676308138498,-0.00239209419132799,-0.007512698151408259,-0.002471794113210962,-0.0011019696109996061,-0.0034606522878100664,-0.001255624715057873,-0.0036424057979930094,-0.00010267717954758255,-0.012929916088660346,-0.0031995145976280244,-0.0017270647054199052,0.0008331893928121651,-0.00910433826978734,0.0,-0.0037793527316467537,-0.002487665441114637,0.003296427426106299,-0.0007887883732815235,-0.0005978788280781093,-0.0009276645863069153,0.0006232673473778529,-0.0017421068367614292,-0.002276664445157872,-0.000995143089376118,0.0,-0.008593874187348652
0.0002180884333605597,0.0066060779215528845,-0.0018712617350715984,0.00030487514729117646,-0.004342701457042274,0.0004960461318386332,-0.002470849460517157,0.004821350905404023,0.001740332033001858,0.0037550128375975797,0.0003598662396190384,0.01048817408987248,-0.000262952416338004,0.0003723930806562502,-0.00030185038439251043,0.00048408458604291306,0.0008618531486061382,0.002449688595002878,0.0027919010149146327,0.0020641284283108557,0.0013122059486413724,0.0013764483605404134,0.0013675957103582662,-0.0028029402252823838,2.267419778554033e-05,0.0002781652281856185,0.0010683832674920602,-0.01508690534907758,0.018525157471868597
-0.005656311460947279,0.002036690067996962,0.0012496769116920432,-0.009368300663225082,-0.002960301078768217,-0.0057073058212517725,0.0025842305758087803,-0.007986300403714466,-0.004147021482325563,-0.006087655682620098,-0.0003085316167306574,0.0055885686650319075,-0.00482488781659489,-0.005652226090653769,-0.0007048275023425012,-0.0050259145958808,-0.002605755989884113,-0.0041949848469722386,-0.0019926415830909933,-0.002265659706796996,0.0,-0.0003986453790493823,0.001060717312542804,0.008432233866428421,-0.005634379334206657,-0.0054521049405663324,0.0007468232334171922,0.0,-0.005052516827894768
0.0017714212371831703,-0.003839293821206543,-0.001039909727550068,-0.00036368976962447493,0.00833615186423547,0.0014974741700428927,-0.002761316024907576,0.007953329106132338,0.00012600475335518442,0.005553426609984457,0.0010286395078692586,-0.007542527828440358,0.0012573442601606119,0.002933876372615525,0.001410166292275688,0.008250438969020998,0.0016076137047877088,0.0016049566033379257,0.002495469053367518,-0.0012385826053106744,0.0005918191488633817,-0.00039874163246328247,-0.0009273276821407,-0.003716315591131124,0.003907811222357047,0.003890438333655711,0.0,-0.01242774638310672,0.0015626058735224721
0.008287313420792421,0.007125338532645411,0.007444049625669619,0.011591955450963514,0.01113002429996034,0.007050417048696443,0.00969984326797148,0.0020207931244094683,0.002688224376695373,0.0008932246847872439,-0.00020531772357986456,0.013382938016338957,0.006683983606301429,0.005583331081367525,-0.00027805452754137416,0.016537266003179753,0.004197222729859066,0.008363675604728012,-0.0005974323462114143,0.006638323431872161,-0.0007887809609224691,0.001576107459285997,0.0009281884169539836,-0.005284392627170785,0.0023352901497872298,0.002642135806769297,0.0,0.0040972492886888695,0.0066301143929906065
0.0021287378297017733,-0.00202886404189996,-0.0006214212236623006,0.0015651749272672555,0.011219381821951657,0.00198039979025308,-0.006262753901587547,0.008326797138342638,0.0005031042675109927,0.0073261199538167815,0.0014873434829992215,0.006754220414603389,0.004374197026815518,0.001092440198381818,0.0008056699802254702,0.010881825704736016,0.0010002641389233891,0.0,-0.001694790736113126,0.0008236249856340983,0.0013622723720224242,-0.00039858624164661936,0.0009178425475695344,-0.004687350079645307,0.006223975368574327,0.006116115055822135,0.001189491134222877,-0.010201165543539227,0.017008712366748863
0.0012003134590822587,-0.005421438897465962,0.0014506719870135524,0.002162937631769469,0.002108288259461587,0.0013585191293061293,0.0014829002531673286,0.001821440191764284,0.0013838731258070983,-0.0008084401130205517,0.0008230447108800093,-0.0015788241149982574,0.0022220742095634483,0.0009092381565609071,0.00010073639636601648,0.0017942275253797605,0.0007991666358766668,0.000994469776274257,0.003697787878342004,0.00020550130565958282,0.00029623875407704564,-0.0005978357068751707,-0.0018537293596640944,0.0,0.0009667076728359887,0.0003502207370857047,0.0007457683656581268,0.007067196910105825,0.008039862464058545
-0.0031358492582385365,-0.0013625611787345905,-0.0020694994308261745,-0.0026381964189326145,-0.008525235439406725,-0.003083898176208177,-0.003331560697044613,-0.0024881647171501697,-0.00025122260617998696,-0.0012135312809487446,-0.0020564155581384433,-0.0007902731089372647,-0.004256930028978968,-0.0018167576236093473,-0.0016103521395134,-0.0071638956536638375,-0.0009982978024043227,-0.0025836726742077204,-0.0008963238662458377,0.0006170781024419603,0.0006908257270489892,0.0009971770308980085,0.002387992619544926,0.005651258638735754,-0.0034765729009315943,-0.003149050546300399,0.0002485942798277457,0.0017542981943188464,-0.005317229481868645
0.0,0.00568549841194557,-0.0014516625959761274,-0.0007216470863959393,-0.0008932289075268177,-0.0002473447768548602,-0.0018569644857456755,0.004604683338304865,0.0005024795390721515,0.002430055528260661,0.002163465710061673,0.0051421297690466775,0.0003564348233472718,0.0006369169010147803,-0.0001010461413645636,-0.002623765040324702,0.0017983894174334297,0.00019928343543776367,0.002790755807953749,-0.0022608230748678093,0.0005914274186911034,0.0005977644961180854,-0.002249800626642854,-0.00031216980893786987,0.0,-0.0007019204384118614,0.0002485065829755517,-0.009048365968964816,0.007636520528666816
-0.0006477943734565336,-0.00576658497321969,0.0018697597201932906,0.00036088499004805353,-0.005364984665643257,-0.0011141081255726774,-0.0013021518054156893,-0.0008593609203021909,-0.0007535967340601385,-0.0008079376522027777,-0.0017474082840319395,0.0037243730053969104,-0.0011572667386109418,-0.0010005542857993543,0.0018248291826984536,-0.002794858881678971,-0.0007976595181942897,-0.002589338389496812,-0.0006957102402841412,0.0036900323671154615,-0.0006900338577082751,-0.001194814774384458,0.00013248311141713452,-0.0006245663616458741,-0.0013569326460423931,-0.001053676531404293,-0.0002484448427966104,0.0,-0.0003787489753190777
0.006192293558837476,-0.0009112764187453084,-0.002906890465493241,0.005641559856953449,0.01405352212767013,0.006550301149473913,0.0032613082936843443,0.007656267225109641,0.002620602437740645,0.00513503869154082,0.002109529674050472,0.0,0.0057061554002254536,0.004264237574583774,0.0009062894336822377,0.014416664543128082,0.003098007645060658,0.0072388973996374345,0.002536237315066035,0.0006170684022685067,0.001608206349726628,0.0014552449891921289,0.0010384274697215446,-0.0074998936991637795,0.0061459382274541615,0.005508762951923922,0.0008763031404053928,0.006185537373032663,0.004171274410149168
-0.0009218017182802393,0.005472042231894785,-0.0006247636189705608,-0.00011973449947434116,-0.0005556954219399422,-0.0006166370875078926,0.002044498542387184,-0.0017110977523496038,0.0002510981433044813,0.00040360892921277727,0.003291430583848892,-0.0035294884450646985,-0.00035519296506519225,-0.00018161087869055656,0.0005033603975032184,-0.002609254765533914,0.0,-0.0003974769103859335,-9.94734553223966e-05,0.0010272597355074288,0.0008872873489395039,0.0007976796155829693,0.0013260775428557189,0.003778299596314386,-0.00038670347446246553,-0.00017518995513801083,-0.0002484961297984502,-0.006733021077283282,-0.00985575279003517
0.005906095620447597,-0.004201348353659764,0.0035461366882929093,0.007552580640451842,0.013681990298356069,0.006048395678560275,0.005749032987319414,0.005809316100653261,0.002885901707173636,0.004433618786760566,0.0006150853615525089,0.005903187923660362,0.007460700339492804,0.0039053288652172494,-0.0010056598090034767,0.013244139914599823,0.002591779267146297,0.007156835846449356,0.0013908436153314964,-0.00041054332159439963,0.00029523869348856466,0.0001991619186398404,-0.00026492786621748205,0.0,0.005608230229821848,0.005082296134491296,0.001242763580524424,0.0,0.010719438871297386
-0.00990837678133422,0.005701426802992468,-0.000416066237832912,-0.011541686584531918,-0.01821574529884444,-0.009938482404958595,-0.003687954399377939,-0.010699735332151444,-0.005505195220159118,-0.00738384478782896,-0.004405713131502612,-0.00117918522393308,-0.010579102089197445,-0.006694279897585431,0.0007749521052328515,-0.015168722962588112,-0.005766721846788385,-0.00908006848188602,-0.0021826918560477093,0.0008241744687890499,-0.0008859294622778291,-0.0013940225965410175,-0.0005295675003326255,-0.0003136385658535582,-0.009615165168432551,-0.00941600427627583,-0.0004962918427783177,-0.0055997052755672174,-0.017424099656471025
-0.003729682327250369,0.008843526441765122,0.00041623942100284646,-0.0044078045039597225,-0.015194216108112791,-0.0040121844835112495,-0.006004234379012771,-0.0015549486232987065,-0.0005712298994088662,-0.007923521430488467,0.00238897826129507,-0.010988650708514913,-0.0041038300945141735,-0.0022510824196955827,-0.00020143386925760502,-0.01223446441018475,-0.0011089972476145537,-0.003529651018107761,-0.0011509335226296425,-0.0037015430086661475,0.0015178219069678955,0.0017747705937101155,0.0007824386658539683,0.006589210731036891,-0.004062164039623784,-0.0034222833368385765,-0.00034756126294506777,0.0011854474697420734,-0.015052730263153737
0.005498560309452361,-0.008541323659033073,0.0014560889298767994,0.0061788509100187405,0.01149688991498487,0.004612727123127361,0.001304380363554251,0.005572306424524732,0.0020169455595529834,0.0065199230167850815,-0.0009253039980498582,0.008333057085027669,0.004571177148105665,0.003108338048619245,0.001208291980516106,0.011482977615844036,0.00240641438297164,0.005810582813342,0.001196454798940631,0.0033025650164642422,0.0003939613498663461,0.0007973131326778485,0.0007951115087970537,-0.00405232598162772,0.0048837005856555244,0.00584180158951586,0.00024884729830999336,0.0098283306639529,0.012573686764503302
0.004356443437660327,-0.0052142526388051684,-0.0008307469541749121,0.0051777767089698275,0.013391851791222743,0.004964086440707911,0.0053973749313200965,0.0050631958168233454,0.0016350892996384481,0.0032389983257138733,0.0006175277200455919,-0.0003934412997593654,0.0057100086925209095,0.0041007802388642175,0.0,0.009706973387271887,0.0018009893582176923,0.003187199517498913,0.0017924158896413774,-0.003291693983070846,0.00039405367477933744,0.0003980891056636101,-0.0001324777608014084,-0.008137723843466189,0.004860192515812219,0.0047517531857316254,0.0009940545908072736,-0.006214763133208084,0.00737305148014372
0.0011994752525663615,-0.0038741584422908033,0.00020760674725232162,0.001557289324198118,-0.0001108999620724686,0.0012352237282532645,0.0020363852163271445,0.0011409383846852712,0.0011304522610330768,0.0028247379682706628,-0.0011312251768844908,0.00478863206367815,0.001330760655793706,0.00018147709186568808,0.0009261511734380039,0.003584753205043532,0.0009984515929440227,0.003176841210722852,0.0020869687453805024,0.005863826799512997,0.0005905693931251472,0.0001988925001229829,0.00013249531348385544,0.0015777877188120025,0.0019344486646067477,0.0005255253547901437,0.000993274262756025,-0.0076697045622592455,0.01117084958013478
-0.0004608478237885082,-7.109527519201143e-06,0.0008334397987635639,-0.00047856860796942097,-0.00033315970088552017,-0.0006170996000780286,0.0033253014801998635,0.0009496135179473099,-0.0011291757817175304,-0.0013280934222853116,0.0014533417020877251,0.002749406109296644,-0.00017719645749226734,-0.0005441805284332191,0.0,-0.0048707989138516905,-0.0001991421330299569,0.0,-0.001190328780919808,0.00041106427623123135,-0.0009838867973409504,-0.0011940541136809073,-0.0010593110159155825,-0.004410852646317626,-0.00038619185436108506,-0.0007002703267779911,-0.0007443068865857425,-0.0023780619018449827,0.003047695819657405
0.00972005833925583,-0.001833618220252596,-0.0008319995083548828,0.011931560941589222,0.020630053083626358,0.010189765337498508,0.003983399382841566,0.008463573243545488,0.004551110907211649,0.007223981078197577,0.0014427840405171713,0.0074422727015146985,0.009827190707506012,0.007646698781891911,0.00030184444082238685,0.02489837248613087,0.00451744403153376,0.009027176149095009,0.0015892601490430044,-0.0010277170750176599,0.0017341723148793153,0.001175605850465722,0.0011002018435577173,-0.002848177437609044,0.008690801301105187,0.010165155578796976,0.001962585563281557,-0.0014899582392740895,0.01698863231640126
0.0006406938368239952,-0.0034443043605082205,-0.0006246894730092827,0.0015404385550419936,0.0005458423940426225,0.0,-0.0003671321918864308,0.001885438244356216,0.0011266471456930535,0.0018056266808856329,-0.0009263701826062796,-0.0019441113389585868,0.000351763831686787,0.0007220286060488825,0.0,0.00031918477177671185,0.0007958446846621348,0.0005899173318633693,0.0008933084195575176,0.002057657622968227,0.000295203612932333,0.0005980689863211197,0.0006624039279155494,-0.004442952163495807,0.0009592046683890826,0.0005214355757044455,-0.0009921661696204963,0.004177976972723113,0.0007501849196761902
-0.0008232701615152259,0.006912319948111976,-0.00020837463825671272,-0.0014196963671435593,-0.004911168020248056,-0.0015914371437193006,-0.002019842761758159,-0.005081304683864742,-0.00037516547014355734,0.00040036820869195376,-0.002162719585237752,0.005064214658972008,-0.002109083576377509,-0.0009017597036564332,-0.0014076011065347759,-0.003831835245492929,0.0,-0.0003929976965475719,9.912932635805345e-05,-0.001026770516789435,0.0,0.0007964495520148577,0.0,0.003825240070213764,-0.0013420861064090321,-0.0012162825804406124,0.000496472478598705,-0.007726686019216211,-0.0022489912022685297
-0.00503417026950675,0.001962577276721551,0.0019831814534301017,-0.00556947440186206,-0.006362202895400876,-0.003801569166159208,-0.000183956658344122,-0.005390849747765758,-0.0026268704053000053,-0.004804099169760177,0.00031717408584688763,-0.004999508349056361,-0.0031706264616625656,-0.00306905022011696,0.0019743875629685877,-0.008655262426188188,-0.0033803561909721176,-0.004128317202166549,-0.0015863643716164738,0.0006364896803276899,-0.0006886806138974387,-0.0009948735594152447,-0.0005291665426119652,0.0,-0.003839328298685493,-0.004174535569435128,-0.0032256762351984647,0.0008984426744066855,-0.003380822639058452
0.0042210619393959715,0.005033988433913387,0.00041658158844550377,0.005576851438642076,0.006380374196804417,0.0034210777762610747,0.0010312125265410231,0.004372118482333592,0.002457857488663173,0.0062027085548241705,0.0026875470208583487,0.006634987461223307,0.004880043504835151,0.003078422593945033,0.0,0.00501624960159648,0.0033521120505486768,0.0043627966251408145,0.0029805751007933824,0.0010293246081614423,0.001733962935795613,0.0014147409718944304,0.001391653372150306,0.0,0.0028307920694466194,0.0036319944009256585,0.002463395588394891,-0.0005983243924789888,0.006608869558045901
0.005508398779346893,-0.01297799819061532,0.002499347950414912,0.005937419510612599,0.012434091567354285,0.005900380960000324,0.002208035392787031,0.004079021087659372,0.001628753216624172,0.003606945193613267,-0.00195876891814886,0.003101986405257073,0.004404040923268368,0.0037063643574327156,0.0029170406325216025,0.014525674202525138,0.001792618154196936,0.00275824864226537,-0.0013876280063119706,0.0022617251418261763,0.00029543574289567047,0.00039803223101409846,0.0005296625143984432,-0.006351170249058278,0.0059686107371565884,0.005058459552429548,0.0004974093489089614,0.000598682598881252,0.0048873383452706
