ARKG,BBH,BIB,BIS,CURE,FBT,FHLC,FXH,IBB,IHE,IHF,IHI,IXJ,IYH,PBE,PJP,PPH,PSCH,PTH,RXD,RXL,RYH,VHT,XBI,XHE,XHS,XLV,XPH
-0.022388093474163838,-0.011574682386656605,-0.04294073942238948,0.04339996065564729,-0.010949229284277523,-0.022421029556124482,-0.006838819620303656,-0.019850678993055246,-0.02184621759444377,-0.012261213982398824,-0.027706727017804036,-0.0033528817703645077,-0.007991150439207586,-0.006347065513357591,-0.02665867733447807,-0.033047179707079384,-0.002051120284389732,-0.0434202981846484,-0.038607134746404315,0.009944033668803134,-0.012152092887144828,-0.006691394349012029,-0.006789117487557586,-0.021413176007278743,-0.005571765127562774,-0.0359974469083942,-0.0035677757069648725,-0.029176810670967158
0.006615882146639564,-0.018264607818610272,-0.01515675137518513,0.011117553477710474,0.006556993136182723,-0.006685196557216297,0.0031298583361211857,0.0036351047256360353,-0.006789970685814787,0.004993054422643646,0.00696571621290505,0.017381399779309716,0.005336771611773097,0.0015615793690747714,0.01009066481857847,0.0006022645606628278,0.013122561941176995,0.013043471387200904,0.007480334792919976,0.0012307789641113145,0.0005089145190628762,0.009298965092110084,0.003010992803287448,0.0011923936851200266,0.026796594363219857,0.00680659936685093,0.003282008736924751,0.0030517137069841983
0.012638989428515282,0.01949445208442381,0.04372158097236796,-0.046445555893583575,0.046869779882722486,0.027127667534322164,0.017160578180583117,0.019489496378061404,0.023736193067688774,0.022356943109564275,0.02245968662313496,0.017176606496597687,0.014322803315096815,0.017219216978467632,0.014679061067701862,0.011887043806892756,0.0179462736974594,0.0005148901018975597,0.02188352872215709,-0.039336157132083854,0.03714072712804706,0.017048768649745367,0.016793803318556202,0.03644602028475738,0.0023726073246247413,0.01746471236119809,0.015910746813546102,0.01880705679158014
0.02376433513062556,0.022352311066148527,0.07029155495978552,-0.06322063181109462,0.05907551647263085,0.027217775064727657,0.01963243752960439,0.021485365902802183,0.030134576677684682,0.02983293036466412,0.015640156557344298,0.01968555011213048,0.01579957663512374,0.019505630062999373,0.01989133266766434,0.026468424847051912,0.015330385535740915,0.0298559176161672,0.024283002376348048,-0.01663469500377418,0.03474763614238231,0.020900019109790783,0.019548209997400867,0.033153236214308164,0.018224482869096982,0.018826114048708504,0.01888172422731511,0.041444242111126565
0.00019508038521667487,0.016824652700373376,0.025440313111545987,-0.02992358892412014,0.04967562369326836,0.005789924421810989,0.0150418928630142,0.01126200710066235,0.016156783385896212,0.012255723490112924,0.02093604915004893,0.011866937046646115,0.010206940902586076,0.016740692647296582,0.010835425809308609,0.01216846337314126,0.0063415753298062755,-0.0008329442159776721,0.015680418144483784,-0.04359145253149359,0.03729487096234626,0.012507129081114976,0.015573823789735234,0.008175258492794626,0.007090106235028759,0.015398768511576197,0.016951874741910098,0.0033016613640903447
0.007801088668866794,-0.00881904309194471,-0.016564870229007576,0.008750840392631446,-0.08505375668176697,-0.008586209924318852,-0.02489626808018689,-0.020799213547343424,-0.008775839421941132,-0.03088356657936151,-0.02245566371276514,-0.02284279461037057,-0.027809867863209967,-0.027016329272671363,-0.015591635302632585,-0.02604826921939689,-0.03600915952492376,-0.0028348697467493397,-0.011394945782025365,0.03877555213015013,-0.05545413264105351,-0.026637224076320392,-0.02542965106280084,0.013515015526642157,-0.005539587944200253,-0.02087436010076791,-0.028394022870377268,-0.0331688975126112
0.033865499563576484,0.034742755658875316,0.06931608989651337,-0.07698977385244495,0.08517424787368975,0.03631550200547328,0.0285714650983734,0.03110889728869555,0.036262682683733706,0.03674485058493695,0.02877951245935198,0.031079368011644168,0.014253353700190513,0.03135804825999921,0.03761643413203322,0.034239420701948874,0.02692638180844616,0.020066924938183173,0.036252109383675235,-0.06810745918844009,0.0647582221563546,0.031478337999508714,0.021190796479730274,0.035976789251702494,0.015434609822787366,0.02314148845900891,0.023698794100907,-0.00949464045965861
0.0042114596085970095,-0.04512329917981859,-0.0692508160242807,0.06202995783868188,-0.06077047269903965,-0.017948770701741612,-0.014570334947199332,-0.00843472803131459,-0.0333859055157577,-0.017399083506838487,0.01011135477413226,-0.006167357646730311,-0.009857365567154849,-0.02323889936741533,-0.03434465475522305,-0.04664252249655187,-0.01182201103063394,-0.011184520773861834,-0.017761068612806956,0.04356991536570851,-0.03968810936837813,-0.007864271448406514,-0.007488211397734141,-0.015885113668375812,0.03170225801982606,0.031839445966001766,-0.014548561821325724,0.0833132148634928
-0.007455699048070944,-0.0013721309930882061,-0.003119653671507513,-0.0002212684352373773,-0.019722420111988125,-0.008591033456478102,-0.008418166294974279,-0.010633093233549974,-0.000880641639443193,-0.0009183444399952367,-0.013644855024978749,-0.010039683407096848,-0.012366513416466728,-0.0041191070070463725,-0.00454458008878697,0.019181260841235025,-0.014263830837626562,-0.01046627173426948,-0.0136986301369863,0.012794672129642764,-0.02054978479579493,-0.008876778157421283,-0.007881390421624689,0.008456797664328245,-0.014841658834969029,-0.017941884597844744,-0.007232880346055225,-0.0081824089431931
0.02018779866748257,0.018292641257737424,0.04349870129870146,-0.04890465833005063,0.06759427037451103,0.024592650169893083,0.02462167213997957,0.017361094576719572,0.022785202711413467,0.02500833708894261,0.016840294466061122,0.021798955747283983,0.021937265597504557,0.02327020434517797,0.04069075271485684,0.029570704003489268,0.026402263272411613,0.0194551581651131,0.025185203703703647,-0.053191591368537884,0.0502016163370972,0.02071091633364666,0.02462657857667748,0.04065600215169405,0.031753334968060716,0.011642250169581005,0.02302172589726816,0.0312382053196059
0.024850416956401347,0.023277456925431067,0.02759029756814217,-0.03117720733965932,0.0005215958123050013,0.02381170798811771,0.0020716933481301518,0.0019503169502733796,0.014362322698428685,0.006934354742592728,8.316179160996649e-05,-0.009787717955570716,0.015095196622212769,0.0029016762470329767,0.012778963647172807,0.01793267369070855,0.01217288018138891,0.00896120167389829,0.0037933344690511,0.006320336985365529,0.004066639296980418,-0.0037017009363146725,0.0017832933015933378,0.00958824312097423,-0.006514723318517604,-0.007436225224706132,0.002279172466422593,0.008629458615568054
0.010327781880395856,0.023324797452742685,0.02903834859241717,-0.034101773553462354,0.02709948682837415,0.01879258140382949,0.009450837029255643,0.011354354862794631,0.014442128706955397,0.004208363800939904,0.0148954300183053,0.011546558215574607,0.0014485670762758242,0.008881832496175726,0.003954969140071571,0.011458072678019852,-0.0018039225156757687,0.004934141010434697,0.015835900665826887,-0.03349612782389826,0.01749964993307415,0.01004514036402012,0.00913234012302753,0.0032333795325136068,0.004748596466527539,0.010435256209760924,0.008100065002963584,0.002851739569912
0.000888959658550926,-0.009262224564503369,-0.007444611774444723,0.0037293584774407244,-0.07081774174307752,0.003561295491760765,-0.022527875484128226,-0.01860463572107892,-0.0023571960989049704,-0.018223661453511283,-0.027549942306977174,-0.017986835386203354,-0.017066945334676575,-0.021542084542937847,-0.006377930690076715,-0.0066552843216652075,-0.01581327391196003,-0.009001570492339905,-0.013817590543532508,0.033212948583455124,-0.04881735250772911,-0.02009497247043764,-0.020553567593685224,0.005337829342228927,-0.00022521404235291827,-0.0208314669846861,-0.02354135967494471,-0.010219667546752359
-0.0019982679994327893,-0.0265019458513148,-0.03643121495401613,0.033440791248062714,0.018488331625595225,-0.026387628263324917,0.0077817636930181625,0.008334728032925775,-0.01884042300911295,0.02677549831433005,0.019392974012113925,0.019901493013855485,0.004119997727807176,0.004634987364407101,-0.029828242044271636,0.026942123965195863,0.012394679520601016,0.03881089304345438,-0.022274080196661758,-0.010482131339667944,0.01373857664766764,0.01717059779167279,0.006499015669655132,-0.02334103141036193,0.014181192057283585,0.03064990736987375,0.007362869851924137,0.023972323422268068
0.014460443791314757,0.022546885905669358,0.047520231299577546,-0.049137156154673664,0.03990493240151525,0.029999945736305024,0.015444437025988604,0.020583468061856326,0.024937516604050483,0.029730569208316595,0.020099229445877036,0.012346732029660513,0.0180735819013791,0.015197736082134984,0.027047980605822686,0.024569768258414736,0.023125890208894474,0.013831503258918729,0.03362112805438184,-0.012711910869675342,0.02655980281497862,0.015855581340802356,0.015714886258727332,0.04313052759607418,0.01808883711739238,0.018367865776314104,0.013470934676776172,0.0397193765991162
0.02587730479280666,0.038546378962727286,0.08209476059179723,-0.07385930621914343,0.060690911615715035,0.03819977212153562,0.021351208609669426,0.020327123704508062,0.04009763028295215,0.02514033610069823,0.015000489781742591,0.019872096656824156,0.018136414431183117,0.02105201248656654,0.03391457088360771,0.021812668455229903,0.016398300257972044,0.01583805065879154,0.038748686055765535,-0.04005725309369724,0.043626719422513914,0.01937584227794757,0.021063372187666924,0.04896756791688644,0.0032703305525726228,0.008417145163009145,0.020644759804201992,0.0375272458572912
-0.005985542264514916,0.006369538374325978,0.00549386548700585,-0.009526464772873895,0.0034024564296043355,0.007079270704659684,0.0022908963736166426,0.004357961089494221,0.003091215684764828,0.004833528771724503,0.01645620996470027,-0.004683178272118189,0.005278048355672519,0.0015052365665981105,0.0045812276367164975,0.005171173181456924,0.005814036560751949,0.021611712844636,0.0029090007342402018,-0.006706470815844692,0.006688520685543993,0.00171564030838694,0.002325130919795666,0.005952276468986985,0.01216859299891426,0.02512558130800924,0.0008312590156070997,0.0052832412904499
-0.009204322633629029,0.016018035127620244,0.0294002069962194,-0.03352570660156365,-0.03640121390229504,0.02985327059858605,-0.007428618333720394,0.004494049349047557,0.01449036858457454,0.005522495724026283,-0.006051516087677063,-0.0150394271469326,-0.013219453977165977,-0.008757713910443922,0.010032798128613308,0.0005274970976433111,-0.015607085679360238,-0.009066161197933848,0.01825625288762583,0.015003814155259247,-0.01978779008092601,-0.005468396273987364,-0.007184389924192694,0.047010919806909364,-0.009660700420787557,-0.012379386311401444,-0.011489655314770057,0.0015363709993217044
-0.0074664059297603015,0.002153441726422292,0.01649186211898871,-0.017628547953483203,0.014866283943814894,0.018538823237256485,0.007196396990077492,0.011878987966677048,0.008674974104604095,0.018956918527327588,0.017158099887961527,0.002644447104369387,0.005225508548053347,0.00619793174850919,0.014448233482275832,0.016348018446095753,0.012918315221924385,0.0202806054238435,0.014912868632707785,-0.007390985827992456,0.011051588765085756,0.008413486009530883,0.006558140967876797,0.01650965352875844,0.008671091685568769,0.011945831865000887,0.005601627485162703,0.016791722791595957
0.0444364935705974,0.062466349713114225,0.1250077733575627,-0.11316938021236128,0.14061268754674772,0.040042998623959256,0.037153459839903605,0.04436658297707475,0.06136158329628068,0.036571201436982864,0.04485418512972472,0.029266620426980507,0.04574672303068161,0.04442692888722664,0.04094721080050899,0.043066588016619146,0.04333352703194096,0.030189805784914425,0.045236932474822515,-0.08860761411787499,0.09239933088425303,0.044540827858924964,0.0438103892377856,0.02377108269071133,0.021169160638543245,0.04339504201686079,0.043030000656972496,0.032155509349803185
-0.05234502897144242,-0.04702052664718589,-0.1049286684700778,0.10280681411980128,-0.07407865243380422,-0.04844477371623287,-0.02002800366185771,-0.020437985401459864,-0.052002648265347284,-0.03377125415639918,-0.01406159977347082,-0.01016717713951475,-0.02033628665535745,-0.02704047518347116,-0.04771676199762792,-0.03870738431808443,-0.01791948167255468,-0.00913968217831771,-0.042647290433623634,0.049019668818464236,-0.050296787867365966,-0.01921506132647525,-0.025972354635289144,-0.060822334061490374,-0.0111431353329647,-0.011420720009544028,-0.022099201250727063,-0.04767403004396626
-0.011842716014803452,-0.030013633191714024,-0.04444726053038103,0.04232030764786319,-0.045095174812504746,-0.024866921789568872,-0.011601669530303386,-0.009090909361875085,-0.02233352238938897,-0.0117615682532155,0.00029286889733802946,-0.002389758605860939,-0.008303402467848768,-0.012859581448351556,-0.0025145592094560896,-0.020315750051907968,-0.01612438384496167,0.005417104288572064,-0.0021448770476014357,0.022585642427513517,-0.03064925773002948,-0.011232165377555718,-0.012079849293399664,0.0036463217265400704,0.006602556805130035,0.0008866990761874313,-0.014376062077310625,-0.006482506413627135
0.04230404198818948,0.03875599037862888,0.105691586240387,-0.10136291766753296,0.08946745930556052,0.03765007845740241,0.028342580624629337,0.0233118220277282,0.05225198448594545,0.04474290562414459,0.014639165417286685,0.020187564763558544,0.02818870714342398,0.0293865827475896,0.04303206127084918,0.04926672833456463,0.04493016830566028,0.014853728414645032,0.03720238095238095,-0.05178982144160031,0.0583586376905371,0.03083387910791692,0.028705545445512237,0.04164199003296103,0.016504582740267656,0.009986340098625326,0.02875417548906572,0.05456303552336689
0.0024883034261358105,-0.00699572230055889,-0.006193386135906238,0.006951061779589426,-0.03201089446856715,-0.005537561000527008,-0.010022206999443652,-0.009259215031463668,-0.0027696499317170927,-0.004209794674079757,-0.010337522286657687,-0.013301436989727572,-0.011852996363213629,-0.01049071668873119,-0.008631077832653045,-0.0067972869378816105,-0.0090067276102634,-0.019514907856020784,-0.002869456400446313,0.01606424333156503,-0.019521804570368697,-0.01070516529957411,-0.009277512722196962,0.006103269335849235,-0.022377333393860516,-0.012678444882678185,-0.01039700549329063,0.0006190078002269847
0.02499371261994961,0.01719582377173247,0.04180140024225789,-0.0429872347561241,0.043249818589404035,0.010970672182259387,0.01602908919175371,0.01646629482472665,0.02031092070314142,0.01014605209650917,0.01570614444764606,0.01664304202965306,0.016024177867616073,0.015292594168471726,0.011840498060074074,0.013814760689849355,0.014821346875538509,0.033513812974973724,0.022222222577493574,-0.02608689590230829,0.029761253718381068,0.01604055725206823,0.015363252332134841,0.013346250451853723,0.023102553192421424,0.02487479326011969,0.01500907652731178,-0.0006957801888194191
-0.04764105904660385,-0.0425231127935506,-0.1109480950552617,0.10852459033723652,-0.06983861240016996,-0.05277863565064191,-0.029615525933849994,-0.04319905326323949,-0.054165497683505065,-0.04754211712416266,-0.04402185123875661,-0.035196951212810294,-0.01856533040663413,-0.026327364701831547,-0.06522106540901118,-0.050881393023679784,-0.015155650700670728,-0.05536690412780354,-0.07507037965390016,0.05519469018589958,-0.05739524418733005,-0.032389296300491234,-0.02990102101650122,-0.08847179158828528,-0.057232182251525876,-0.047990649960408686,-0.02298734971984524,-0.07069355768051074
0.00618183218941398,0.016255647432113468,0.04640099199191286,-0.049985170762131007,0.029415911635512174,0.02690503377313944,0.013120696456804198,0.010372178473831055,0.02366271616150098,0.010311018986447838,0.010912355555247204,0.008738650073158575,0.006519717600741046,0.011699759538576928,0.023379929310461844,0.0027662386514567426,0.006575309069077349,0.010643109079669744,0.019107220478647626,-0.0323076222571178,0.023247739934241986,0.008222734139759103,0.0138144662670765,0.050053921600889735,0.01048566540833549,0.005463267051371538,0.010594521806973385,-0.0018313169520860887
-0.002178687506975634,0.012398684587513184,0.02232327489269244,-0.023972535596030308,0.03230511843601528,0.011916858027039174,0.010698144351810872,0.009812817325266272,0.00985418075436183,0.0035956168120269217,0.020670539046194186,0.006980491076416222,0.01076560773102026,0.010600788128664315,0.008994466515836765,0.0072241875276655345,0.0073659754952471596,0.007861289099602894,0.0076323212211712906,-0.013513490843069985,0.02271933286141234,0.010403078839099982,0.010695739830673607,0.010989912204675031,0.004696861366833825,0.016218008657301136,0.011027922905039931,0.007671283058626133
0.013100486747621806,0.02298158167060204,0.048952709297486616,-0.0462520808649136,0.028261723876303064,0.03056873374769728,0.012534746333270522,0.02003294991826795,0.025111750683276583,0.011208925582036185,0.026027552578738004,0.004677161200204721,0.0064985877973993385,0.0111251555670911,0.02781239789058535,0.01382384950494433,0.009382034859587213,0.02075050005062569,0.022723546846698504,-0.03021760798041666,0.02696016588721916,0.014490978157902916,0.012032550983043127,0.034467821650144816,0.004348787322064486,0.02827279896805342,0.009695635194512468,0.01928002787614811
0.012801740350542136,-0.0048774038051019675,0.002715216684186182,-0.0056856016205542,-0.00025079028351564155,0.0012967502755402804,0.0008254439510563008,0.004690018846987408,0.0013441355288485491,0.012285439693537004,0.012939433573540387,-0.006234921858372522,-0.0044837656990466615,0.0011317775127050894,0.002775473972304264,0.00038594235837903436,-0.002870408613823211,0.0007209145074826942,0.016744501420954797,0.0006231481956214589,0.0037502355248309983,0.0016917111506568815,0.0014322956833143045,0.017385327033567075,0.00876803217011198,0.005908738531162362,-0.0005334716658116658,0.009092260515184232
0.000383036097995722,-0.007426178903183877,0.010267449292591092,-0.012108968105370774,-0.02535798381696354,-0.006960800522068321,-0.006871988191008809,-0.009044536438605215,0.005506224464534907,-5.670658736253737e-05,-0.012268668752656942,-0.000585606542629936,-0.011620593587616595,-0.008666700838566027,0.002248793507644764,0.0009000786572550061,-0.009047251410224328,0.010949363748455352,-0.009817941098402564,0.015777528636638512,-0.020015785753963563,-0.00575388219023575,-0.006722922568374009,0.023470555069197808,0.00815539793471977,-0.009946595524408441,-0.0080065164665968,0.009734622479524023
-0.007061972856406222,-0.0009724427638448574,-0.017310732440130348,0.016343224280044182,0.004121642219139152,-0.013448497842368151,0.0013838013356391016,-0.003680259090239953,-0.008554803392658527,-0.009652749409827384,0.004529984515609297,0.004520030138278193,0.0017317586934956235,0.0017739483602692988,-0.009320025886768248,-0.0006421988919743875,-0.00041502114587007216,0.008550642302100465,-0.014553014785751025,-0.004291774180274036,-0.0019067859784251265,-0.001321107977697264,0.001224203070447516,-0.015383679691128728,0.0061735471129155855,0.009097143245446164,0.00134541862159657,-0.01123406682474029
0.014567273060638024,0.03976617985682817,0.0750085026709513,-0.07336688994308284,0.058748141713981565,0.03569066614990137,0.014649188184482137,0.02955082742316785,0.037345299953312365,0.015275679792320085,0.03338682189939507,0.01883181639214157,0.01200973124819803,0.02207016211677276,0.04372820877865581,0.0210822974239562,-0.00027683557440455166,0.0350431643907662,0.046413567776916013,-0.04248780375611637,0.04679418359454536,0.020534212308543413,0.022222256162949896,0.05191453486269721,0.0216865227508637,0.03135812006207442,0.017060513472752406,0.026752427599341256
-0.017314255938790418,-0.015773490006314526,-0.02505545089567403,0.021330516454089288,0.011630659197967406,-0.003828996766223683,0.009054370684492876,-0.0022962543053961426,-0.012477033021794549,-0.006063350868555895,0.02139765156951897,-0.0021263532852672912,0.0004495403087811197,0.0006807851924833559,-0.01885251496531963,0.004883038168312865,0.002215073175023749,-0.011877208743489085,-0.008684940662921446,-0.003644066467531164,0.007298444335333748,0.0035960994829359006,0.002040361257279643,-0.008133765361672997,-0.010257434250076629,0.00902736627195341,0.007161171462322798,-0.013225463867902236
-0.02277614175663447,-0.01134272691542764,-0.014530513830725218,0.010619350410493764,-0.04598786550825398,-0.01567727351452804,-0.0135982771314359,-0.010788262836087293,-0.006368194632858126,-0.006111138596755517,-0.018277691007689015,-0.017034196566877956,-0.010610123656095618,-0.01133328453330612,-0.01721793665329486,-0.013930737763778959,-0.012155176450624857,-0.021414639470755288,-0.01361074823563042,0.023450869047080332,-0.02656843978922357,-0.011081831430258395,-0.014252999294454616,-0.012161015730813315,-0.02198486546522635,-0.012208058947351282,-0.014738592472823225,-0.002787381042728269
0.004837312485786434,-0.0005182321134358586,0.00979313412609378,-0.016812557748908705,0.013306353151995359,0.007569623750605133,0.006341544280483491,0.0015995347505976976,0.006615328421864765,0.01816835971066675,-0.005617559238774911,0.008601392902618727,0.015739461343914175,0.004702515970920887,0.017172574298626002,0.029018602018069824,0.0217579858355228,0.02484809900623224,0.008406074677336645,0.01744809156791314,0.006382430505460862,0.0015565559338133062,0.006268152901042571,0.02279900872978365,0.014343904805854181,0.0048824243440109575,0.005476069851674825,0.02371993116418259
0.04682715016853626,0.07094721174894818,0.13838950000183606,-0.12540077436858926,0.06615476590161064,0.0618788843292854,0.026301276716867217,0.022938473705217982,0.06649687787277503,0.029311357624401024,0.0033895308455816663,0.020698694160537358,0.021441383244908317,0.024026689876332292,0.0704298493911345,0.029190290733127764,0.014699940573318991,0.027138800615515254,0.05080207452651531,-0.0636364568848825,0.047958593108788895,0.019703896314557576,0.026967604348714955,0.07324689964622,0.021739016248242177,0.006757031219567417,0.02244949379601544,0.03830538996215562
-0.043060255715899366,-0.05469892103706773,-0.09773139563768164,0.10224032900853773,-0.0806414460726248,-0.047014015907056526,-0.026694954955016503,-0.02455288141573774,-0.05032829470974174,-0.02260737491577169,-0.0267435377308652,0.009247203762344832,-0.02319636832668582,-0.02833838846298338,-0.05910463579546646,-0.032808803855666355,-0.015840996019961945,-0.02065452760890278,-0.0374195490920386,0.03420133216175565,-0.05458920988970309,-0.017311734060348027,-0.02777566164121204,-0.057881629585350175,-0.0009295504554702752,-0.02330150476531734,-0.02754307216611293,-0.013524503599772024
-0.004368661351953403,0.023555268611568186,0.02227879222833028,-0.028824803650378237,0.06875634094432195,0.008940690308727944,0.020021866501548097,0.013240156558701251,0.013109738136160207,0.009785889923251287,0.012220438166539062,0.015672728295575294,0.019052006481392797,0.023394385024000656,0.007111356931110283,0.014661999827833257,0.02063543525610341,0.006710550227556378,0.012439792021141158,-0.026669631903143,0.047740105914702735,0.014701406801347669,0.02070042326214447,0.00023483302485215337,0.02005583297340181,0.013356808096448436,0.02324627793414301,-0.0025897355313895484
-0.04519527343851177,-0.03309041727735216,-0.07285185686123019,0.07267882910439705,-0.04990548991831131,-0.04731385358448485,-0.02016700326172466,-0.02455483952548586,-0.03623237541565963,-0.03138603793362145,-0.00335720281587592,-0.010999338469324313,-0.013556636624340382,-0.01807917583027183,-0.04858778945807893,-0.028655365090120483,-0.01833107086953673,-0.0042171771241196025,-0.027645522536545456,0.026085161624597224,-0.0384371646667916,-0.014304974724335838,-0.020002753743287114,-0.07144534636408588,-0.017330492657273475,0.0047236623379941405,-0.01658170766018359,-0.0538372744453202
-0.014705864888456025,-0.002217170001073744,-0.024289210847961318,0.0227030382985858,-0.00024883059678353976,-0.008304959939787152,-0.001097273918073265,-0.004269115265714761,-0.012504524266700158,-0.006139367068272272,-0.0008602261299858697,0.005120883006463389,0.00026947897934459904,0.0018726761533438675,-0.01484355201161199,0.0032777884358027786,-0.0023341883760687,0.0042350370253828465,-0.003001137213692348,-0.012817799453009569,-0.003573917773066496,6.200195198575251e-05,-0.0007794905828069482,-0.03545666203410018,0.013510643996375388,7.61076397887564e-05,0.0007966851256212017,-0.024132340773896303
-0.043376893240861934,-0.06778303052861456,-0.1326144001976458,0.13596943162900654,-0.1436753817620255,-0.06565617443927624,-0.04917590737633208,-0.04538733065327233,-0.0665275493889758,-0.03946707729568906,-0.035942509305260585,-0.04561390562634759,-0.05271207704241807,-0.04828086404445392,-0.05399101262903547,-0.03845192284130945,-0.05023383292734825,-0.038090030282971435,-0.061628628986511926,0.07812154616350284,-0.09418153871547742,-0.048682135801319394,-0.04865630891885926,-0.0504850842469066,-0.031036861776009013,-0.04094637033261715,-0.0486867613581498,-0.034405689121158774
0.028815111255273317,0.035839201062308416,0.07353520601064377,-0.0885495217949308,-0.006978557836973141,0.03800304841452637,0.006934325712390797,0.011770202880594927,0.03954825939597247,0.009647001198285076,-0.0038698036653216326,0.004087152086729743,0.006920191193005725,0.002814519380748037,0.051194478797243724,-0.003658983930181872,-0.0004349501968200666,0.003252740484856298,0.04440319095053183,0.014652692298847704,0.00718582250700673,0.006518667609382243,0.006113593475721709,0.05436616328587957,-0.005251115343835266,-0.006878526343119826,0.0012549656692981673,0.0069377647235496715
-0.02326890942411847,-0.04457229317415151,-0.0884563284084346,0.0807370437332967,-0.12972200869529438,-0.03790689401802856,-0.04246792454277743,-0.04224708274155582,-0.0457994029638825,-0.04158060800157838,-0.027267040559759443,-0.045356485659403915,-0.03954066363896341,-0.04353755209418702,-0.04310964901553942,-0.03397195270183185,-0.03841689054282271,-0.02072189144696264,-0.04526349749008244,0.06607327112300407,-0.09085613860028688,-0.03704632854368102,-0.04371974921360237,-0.04527591281641466,-0.029982975589968375,-0.024440708881448826,-0.04345387019543318,-0.027900590603258942
0.05046089269406166,0.05909746449053194,0.10122996624489698,-0.1010540022319386,0.08243612595665165,0.05160653040303465,0.030866276562593494,0.034201678120504966,0.052328686334158936,0.02209236542229939,0.026495310884232612,0.02184147686112213,0.026563562333783708,0.030232701724409224,0.039962152183799934,0.030006738992583375,0.017186731560673702,0.03454742167309713,0.04791733748870074,-0.04731858851492572,0.05957719302296623,0.01849601292446676,0.03161581095904696,0.06324573046561889,0.026774020356752377,0.020238320025738967,0.028392418257257364,0.00875037487122487
0.011547308274720327,-0.005686093699540351,0.009327380608957558,-0.014827547760349032,0.0245569775587044,0.01160709506258356,0.006395331425331522,0.011590171713648149,0.005694316000566654,0.02980287753291487,0.005312357340560786,0.007493712071673559,0.0,0.0073527100219909994,-0.007612627658959686,0.01436861301970824,0.014821418144368041,0.01780981541059126,0.018581386630818875,-0.02454227034924673,0.014359223857625497,0.003169604282159246,0.009689592161991344,0.025032409076771168,0.010599874101692348,0.006078970765440208,0.00453053018759134,0.021512872276881832
-0.08675791349451062,-0.11605032230107135,-0.2474464919126092,0.3045152526716547,-0.16535187114365352,-0.11625750810704767,-0.06435335259816405,-0.07867397003779357,-0.13039590269160942,-0.10056114556208796,-0.04815049818677235,-0.042599852793563965,-0.048696781774862814,-0.06806083275040896,-0.13525436446185868,-0.08969492079029177,-0.06250904109819354,-0.058509795204182515,-0.10374366903959913,0.14636574532648847,-0.12963810298612458,-0.05655560436967653,-0.07469139479731486,-0.1497691464363561,-0.05594538260891757,-0.04833030893502617,-0.05395120686928361,-0.14718900043301936
-0.047999993384486815,0.02285858153640656,0.022782356160645542,-0.05124769551431823,0.050890463870490184,0.003039759406431173,0.014246025349756131,-0.01110930175577342,0.017057695005139182,0.002184700736454784,-0.017659190959413786,0.013430095550075157,0.01124165291315368,0.022068172653903397,0.022866840868822364,-0.012148223629025831,0.004362142401272393,-0.04341528451171445,-0.012743380530973512,-0.04633335354009838,0.03860391986441257,0.008943280952368812,0.02380129886689032,-0.029925836617342137,-0.015340116775456212,-0.04261364176730307,0.0210825993697022,-0.011764555604919466
0.005987328265037531,-0.018215557807745014,-0.044233792167990386,0.03506787465701048,0.0031131492574701346,-0.026558790293418684,-0.0015268603441276148,-0.008718980696160023,-0.022438538352010252,-0.007021674366515699,0.0011144642484467457,0.005324111388099367,0.0020844007596640085,-0.002216152737704854,-0.03850137196877283,-0.002459568204772717,-0.0013905693078220677,-0.002883873813826445,-0.05234847709480955,0.001826438841657954,-0.006430393560906514,0.003739588308010232,-0.001980453784390236,-0.010995885815530564,-0.008354133672243273,0.006283888449112621,0.002196600644971061,-0.011703108394097128
0.00971089075996669,0.019498483283894932,0.035371884297520716,-0.045082002640765236,0.056551740857806974,0.0025424896823295928,0.0186544414713057,0.01505411053880436,0.019030720719141792,0.016434294306294603,0.016779514161618544,0.016495911176145146,0.02109744661099896,0.018671435763256573,0.023681386303647814,0.011022588551181134,0.02340463320052195,0.0232911639976767,0.02610671535931299,-0.04412025392376665,0.038997587800650206,0.017455553659106532,0.0192091249434598,0.019919796113433932,0.028005352227332605,0.015264610347915437,0.019286801596361283,0.0020416551293515306
0.007031921976542682,0.01895688892991124,0.006864639317762396,-0.019456250507218317,-0.021866879617711485,-0.005657384090637426,-0.008105525059756712,-0.024162590373690784,0.006235713604508779,-0.028021251780204925,-0.05013298854197767,-0.00546632601692455,-0.010573226699191621,-0.007836036824902174,0.019137731560884098,-0.02323923129397053,-0.03064478662929292,-0.019190678712856964,-0.01696168816512943,0.008010605183386844,-0.016291164769520673,-0.01607085885748234,-0.008878273179986034,-0.0057534391593286145,-0.022369759803589247,-0.0452759253710797,-0.006163945370760875,-0.0401386744815341
0.018176230911184355,0.02356541624225456,0.06278736324718573,-0.059819084930670174,0.08942281755139646,0.02334704682466051,0.02966112084999275,0.01861340473679297,0.029024775466503932,0.03227503636314506,0.022972348823652376,0.023875120016588744,0.02254917452285373,0.030354849815156237,0.032191516075542416,0.035394245317679686,0.020446451160692738,0.012589121892824892,0.03132036759189792,-0.06130549046016286,0.060724181582410365,0.033080470874724204,0.02883852013853675,0.014618802774882318,0.02220193207540944,0.02702210635907446,0.028991872616721624,0.036510577623015135
0.008522415400585423,0.0013732890316639258,0.025212621590520876,-0.03383001673186292,0.015007809009691241,0.04457439608895709,0.011169656353970676,0.01626147472719279,0.014686838883866746,0.02221371720117274,0.017063741928999645,0.029776808273202095,-0.0006713235062774901,0.008265408320572308,0.008796500741066757,0.013759044134033373,-0.0012329045447880395,0.05886754979598492,0.04164387919098457,-0.015319541740202785,0.01760285410315318,0.00940620323254278,0.012755078906595172,0.06108344025532269,0.05296979788315248,0.039728144565801336,0.005747071216761001,0.059799072180980566
-0.00995043698687172,-0.025088750686565704,-0.04030855587443895,0.04015423725362893,-0.09082697912137926,-0.013948829825191984,-0.028779083942625457,-0.03200262342465562,-0.019985332822343632,-0.022986873624158827,-0.04328892656587207,-0.02541340362192062,-0.029454149321765623,-0.028888782580630983,-0.015457796393387685,-0.02280681608877841,-0.031635840033616185,-0.02815119811753076,-0.013442755122953015,0.04810644115181857,-0.058814619424217014,-0.03178908507246822,-0.02986431519026505,-0.03437050344375224,-0.035992383086653555,-0.04541647732078255,-0.030383103477645106,-0.01893712830948132
0.017171726030875585,0.03152671199502211,0.05989393752360603,-0.06269303638384306,0.08396937377036652,0.0325732908117252,0.02484286474454024,0.0218132072256306,0.030435126886831056,0.031242037850529706,0.012159733025075229,0.02298354723427397,0.030051432541831367,0.02545953433578833,0.023953385123640203,0.041953142488820185,0.04063743705059029,0.02649209136071309,-0.011325411832433671,-0.044531279258464083,0.04778645738697439,0.02921486140462502,0.025963704335126757,0.019188724900469124,0.016812340607573292,0.020189672344685456,0.028028939900524887,0.03978724984473801
0.0362462853946079,0.019172109471223855,0.04420595009425034,-0.04316304075558231,0.02327009837299739,0.02694912195446036,0.011390011999582205,0.012675150311460144,0.02254943646854092,0.024747431297846567,0.017162402716017804,0.009395569471384443,0.0018235382395258176,0.009758199338287631,0.019854542075149792,0.017177505635403486,-0.0015315016736979984,0.029211638169744005,0.04098802650775055,-0.021054778876812525,0.020439267524219026,0.010545335523452631,0.011365426340309182,0.04369079711434299,0.02662658072535871,0.01910167949568621,0.007970075975659007,0.037128146714743765
-0.03301387178550052,-0.02479345235387079,-0.056172066205564176,0.045110131186473744,-0.019748643244614568,-0.021327013843654367,-0.006930379459784047,-0.010869565038380085,-0.02724262823340774,-0.005231421980261169,-0.0021693644726529203,-0.003156593628730981,-0.002969693215529511,-0.0074287925040081235,-0.03064768588916217,-0.007025294425037866,0.0032209368515147305,-0.009644678508809807,-0.04040575997248963,0.032574793984298744,-0.014947645005835447,-0.003872184191380645,-0.007117177962664763,-0.03208497268363677,-0.00522888800755134,-0.013677789929688877,-0.004300252181504165,-0.0038355159387825455
-0.03379423788636972,-0.031880526748806266,-0.07141817493711967,0.06919277809012507,-0.06013419885107658,-0.05138555194358257,-0.02384392943587501,-0.020979053929752682,-0.03566269856227925,-0.028068426889337816,-0.01908364724467733,-0.02078599245557241,-0.021810059940853038,-0.024175478014635574,-0.04891624658347093,-0.025442250363220568,-0.025072627726263997,-0.027545846994758337,-0.030818867034243493,0.03114254240424076,-0.04946896757228302,-0.019238240373134072,-0.023843657997139,-0.0648739026539971,-0.032380293636873315,-0.02773507162883076,-0.020618715217848284,-0.03758709382314036
0.04056620462249859,0.02917877296341515,0.06549949874160542,-0.06594764422486073,0.018512453286703062,0.035734534276181916,0.006851353884590924,0.006972789234231173,0.03626251462059972,0.01409354792890223,0.0019701122994519762,0.0007462254278240152,0.010214914879865979,0.009231138063140177,0.033033664311629636,-0.01772988534338375,0.010663421620835865,0.013590843684204108,0.01700865224625623,-0.029221504684107637,0.018678258290265662,0.003761772198667107,0.009816911326382072,0.05279136575717958,-0.05388949011415595,-0.0100369400365854,0.0027030169837732967,-0.03505440320166915
0.030310591775551857,0.0299717070684978,0.05692483527436418,-0.0570768682723209,0.08227031208280818,0.0334063806755455,0.0297798524564398,0.02702249665635016,0.02503851705636137,0.009864631323757254,0.027691334256374642,0.019720054855716183,0.006708835541596986,0.023808001456342633,0.029654723505957988,0.0050705337865180255,0.02637696564293753,0.020324592083535445,0.011452481783402356,-0.035959531016449185,0.0498355037436462,0.03425550324759612,0.023499675605122474,0.02649516103552805,0.09889959111034978,0.03829645706719629,0.032156454248219155,0.09009581984894384
0.0028700582180163784,0.0011600376295903686,-0.00763468895565401,0.004548571893535343,-0.015910305716629276,-0.0017665076685522442,-0.004899404442014133,-0.005920078837032077,-0.004202778535586668,0.003364219281067816,-0.007644711187350898,0.003915464276630361,0.009568542999493182,-0.01090681405379621,-0.0007910109357461633,-0.008502052282201272,-0.0126984592503883,-0.005809820262105713,-0.009525485433599778,-0.0069153596529726025,-0.006842573072590049,-0.005378556745404904,-0.0026263741105694485,-0.009593682073718563,-0.0031314083023886692,-0.009152097243905866,-0.005797197342155665,-0.011773749162510798
-0.09849756612061997,-0.08672695642022027,-0.20632251241635235,0.24451411197390474,-0.16227546869719536,-0.0985666279923897,-0.06139595402110696,-0.05856080961851438,-0.10678929334324452,-0.08788426708307237,-0.04615996553851126,-0.055764119555903616,-0.05230785832438,-0.05015052168220301,-0.11836898202601895,-0.0737461733635713,-0.055404598283819564,-0.0793099820935517,-0.11123209741912364,0.12681999438455258,-0.11715667086979414,-0.06032984503517316,-0.060580937970428,-0.1380341542584906,-0.06394414262754354,-0.059602848799000525,-0.0556712207557831,-0.10156247679699833
-0.07460309925009957,-0.06020359253705631,-0.12248855754358275,0.10663311719743794,-0.05611141585970076,-0.06772668043953718,-0.022832490024960243,-0.04392901071867862,-0.059629196439052935,-0.022647345978803104,-0.03625321162583401,-0.008906170985981555,-0.02184212931175369,-0.020031225830409637,-0.07858117761612078,-0.027619215896842304,-0.01999998017151862,-0.021761967969014875,-0.044712106982441824,0.047565546905579036,-0.0382832920823906,-0.021285233305694897,-0.02347184604095121,-0.0894068218440522,-0.04578141741243366,-0.03873221272166468,-0.01690673975817114,-0.035217425953170345
0.02401380028603673,0.005598299356227625,0.02470373519373913,-0.031866508306420856,0.042029462678773534,-0.000631764562062497,0.01231472937932638,0.007167781657783553,0.013512462870921315,0.02053568748834177,0.01697122953444609,0.015267680059654615,0.02053928032961913,0.013073335571143957,0.011452205815855349,0.026658287599982875,0.019910442781583684,0.012513485521727048,-0.0019234878836612188,-0.02377546147638923,0.022491957287484786,0.017710455137079396,0.012059006353735548,0.003811412852407019,0.0020095554536981447,0.015037554380189756,0.014655297558336352,0.028391183369360137
-0.07314365215737173,-0.07228246130645502,-0.14425715405723258,0.15256013681528696,-0.06395349626822926,-0.09608085958872442,-0.023393829657155557,-0.02244523763586199,-0.07280724010052501,-0.036165914447405766,-0.004903185184847994,-0.011772915083319662,-0.016616886669158937,-0.022743272413147674,-0.07178987329508618,-0.05177743159084906,-0.02017244753177206,-0.025480706684598155,-0.06252680808293781,0.03882073101486056,-0.049057139700736864,-0.019699196239101057,-0.023182274955851748,-0.08606033119010367,-0.01679620421122299,-0.0007597011886672513,-0.02033896555351299,-0.05806319451884144
-0.03493973960505315,-0.0367929485182891,-0.08016491067338526,0.07683586938187212,-0.09200318278550833,-0.05396276035095273,-0.033216142243358546,-0.039014373716632515,-0.040479582503338406,-0.029552804951380462,-0.0425310341130482,-0.02904316836554172,-0.031485994990872415,-0.03086048581853462,-0.037373469193520865,-0.030480912121171662,-0.03420231715006995,-0.058086700835320436,-0.07560525526736521,0.06292961113120485,-0.062052569305779536,-0.028971201762249068,-0.03211360262080409,-0.04075182337075738,-0.01657327976325025,-0.057023399273794184,-0.031141833253769974,-0.02442415424158353
-0.057303287702840634,0.009702767021003195,-0.043077689243027815,0.033887689249637226,-0.004702876289054244,0.003326401461781835,-0.00528582558903871,-0.014568764568764568,-0.019708006864248152,-0.03059818536331595,-0.02058521542108376,-0.01092613973544948,-0.0065020463117837395,-0.0027848277453892513,-0.032893074417640236,-0.022360250440574672,-0.019081954665110968,-0.02709442967181932,-0.025451000112404323,-0.0008291585553117293,-0.005872017748385067,-0.012431481214238491,-0.004972516891488477,-0.02969686023715955,-0.039668149871313015,-0.014311666104749843,-0.00046574471238737617,-0.04005747246986842
0.08925968152137734,0.033178234539155645,0.08352846734322153,-0.08652286568527233,0.07259451931348063,0.0437131374333708,0.028229807056717907,0.03075105460279913,0.04235841226837186,0.03726190063844995,0.035214059514431406,0.03440778554123828,0.02563263949220217,0.027477696784016698,0.0446057803890054,0.03129837666802054,0.019803799754637585,0.04527589868041861,0.050456416086623115,-0.04995849849451334,0.05690103245588176,0.02821180044985375,0.028692018851087405,0.06524971162893667,0.05075595570064099,0.034969259834916895,0.024234846281235997,0.045951421919945064
0.01276584193309226,-0.0011748876554857491,-0.002881820434241604,0.00022289577495961333,0.06247504943185924,0.00035292941176474896,0.02002578204111335,0.024861330562988646,-0.0012985077190210182,0.013083194713422898,0.046660732668048016,0.028186279329355482,0.015846042543264792,0.020424791486112884,-0.001601398462297485,0.013506655413088684,0.012716916868632305,0.029094489204735906,0.008689379676562803,-0.047519241206267285,0.04601326501242324,0.025493239731162232,0.02010213069207571,-0.01436554084497251,0.04111010262614756,0.04959497440886252,0.020779646388111327,0.0075990282810050064
0.05552225793133884,0.014702943338409585,0.013246628131021123,-0.021835909743511454,0.00037691538525655687,0.03928030153216858,0.006333024621922201,0.020526198917708467,0.006271636393126671,-0.008419308474933518,0.011400204177343543,0.010045842978464805,0.0004186445249541538,0.0036715366043263147,0.03287897588860704,-0.005429462518703851,-0.011369273368782422,0.02001271718989955,0.0071787267963933955,-0.019075535289358063,0.002849653989539876,0.0018259242777227587,0.005419274791696453,0.051416974582525136,0.013820330097114452,0.015436809993800718,0.001634304760144768,-0.024982061452297817
-0.0275802569848237,-0.004540117563968561,-0.0152127406703114,0.0020499968142732587,0.050113028205896366,-0.02150053112479809,0.014789393675071531,0.011153776031336177,-0.004522593461795412,0.025255487209302662,0.018506145661749948,0.01829069591693727,0.018313014135976715,0.01599753015010172,-0.012940028345150113,0.01902392337739077,0.032097379992881536,0.017128617980876018,0.0038013779995247454,-0.030478719527007182,0.03285380468986709,0.01906634244473681,0.016169808207133988,-0.012129327996023878,0.01703974931243293,0.010567227097300758,0.01750491258355762,0.02513891384573699
-0.008771962700207806,-0.027947516483157686,-0.08134199855177407,0.07683567333146997,-0.06171506973323961,-0.029258690537079905,-0.025426432522617663,-0.02097649224188949,-0.04046707194098595,-0.06358327527819092,-0.00693780172299912,-0.006952998461112473,-0.024354942186976758,-0.02174678614763841,-0.034347079185668684,-0.0538960934020795,-0.05504737911378208,-0.02158604642558612,-0.022958603550295942,0.04532313728478892,-0.04779919024931596,-0.02386853511965916,-0.022663243184507933,-0.03235230377584062,-0.013882130920170113,-0.009172481873738078,-0.02551417825075009,-0.09761856158157722
0.005899686665666473,0.019167381308230428,0.033368391135880436,-0.03947647038241079,0.018737852740125047,0.013700190285913887,0.010026119124086349,0.008681233998545028,0.016471468878739064,0.016113310009649853,-0.004573988092248904,-0.006251550419304804,0.0065303087055629825,0.005340809035075739,0.011403733893552896,0.019360115942335162,0.00703978187725143,-0.014395246301139572,0.011627883033621356,-0.02527673523484652,0.016431842358027526,0.002184667486399541,0.0034535443692854588,0.009264269640463856,-0.0016796905766532655,-0.006401435946636121,0.011841072393119064,0.02998985815037527
0.0463343615914143,0.04055249184800989,0.09916088994859436,-0.096043915842584,0.056681843577134974,0.056646001017557936,0.0249763650548844,0.0325947256437517,0.050830437365984464,0.02869780548589625,0.027879088048804814,0.03855820753445687,0.01412730588639008,0.025180082179634244,0.05395962593989232,0.03182363687404178,0.0038448049724146734,0.06604216896676014,0.05220309158060776,-0.03274658984129,0.045613958658269865,0.027984485505071658,0.027273640601037496,0.06213789062034196,0.02991237414386757,0.04026857136834524,0.01721351105561506,0.03935017152306279
0.02948427491625005,0.02682856703101898,0.06685170020818883,-0.08047653272039483,0.01953823633604548,0.039372626432093084,0.009870551294435143,0.007980156197555533,0.0336923174201678,0.03657643616060095,-0.01439370856616505,0.007756435680575113,0.017438890436321478,0.009549357403350214,0.031584384950412284,0.02578326180203623,0.03390629142993508,-0.0005956322466852324,0.009558534582579228,-0.03718203765179713,0.01819422014054187,0.005745466912419996,0.010404229512572749,0.05041380678863496,0.016765253552058573,-0.007706234241715931,0.011670263706940031,0.07205649171197429
0.01393883988639834,0.0146680812019567,0.020815330026351483,-0.024325665050314336,0.03554000184292444,0.012092081715101576,0.013439137595064085,0.01600985221674871,0.011754045199816534,-0.003535175043385164,0.020957015075505018,0.022608745649279872,0.0122718558855314,0.010988945697738436,0.016049397647295127,0.007317851354158186,0.009703742220218749,0.02771572423896415,0.02164109509375357,-0.0032520582274680717,0.02421503554001237,0.01305767951996345,0.012356493863445728,0.013252190145465331,0.027403475130633213,0.032328072315937165,0.009661137201234621,-0.01959437884244113
-0.004671959781857206,0.021142041976380043,0.0545879331101133,-0.05528467907446942,0.08008074203600639,0.02632689730753019,0.02561776120701651,0.019220796536796484,0.027547399762455915,0.03534138355624087,0.035801123664906974,0.014817675227217462,0.023143939181903595,0.026004471664264357,0.029404583764775706,0.036797208381705616,0.026302670779408927,0.03073797682520448,0.005295697263901136,-0.0446574923400757,0.05217671644015666,0.024369109308984026,0.02738413596445379,0.02262288405759025,0.014014456108230995,0.03376483214162219,0.026420897778909696,0.04740881227938795
-0.05799839776344954,-0.05972397660097142,-0.13695878602381528,0.1506024263540546,-0.08691585814595833,-0.059235603172967964,-0.031736543121794594,-0.020047587155154777,-0.07071514982586398,-0.05147169848723632,-0.014824376586763468,-0.006798478209024093,-0.02712500274330165,-0.02977071279384059,-0.07176585917866116,-0.05346534214024815,-0.043206902324877984,-0.02377259099261831,-0.028533866801275894,0.04482400207386345,-0.06245156866288315,-0.029162975357332758,-0.032365920684419694,-0.06792251403539827,-0.022960250009459098,-0.022000276621917825,-0.02894103657167705,-0.061903645054614174
-0.04352791881929087,-0.028700482347920823,-0.09288212802250304,0.09723263333792216,-0.026953189755862614,-0.05113883048620229,-0.012746662935772377,-0.008321757975034663,-0.047285003647008085,-0.05199736428863227,-0.01536386070181973,0.0012446152146192194,-0.014997539383133213,-0.011126336912458849,-0.05035595278497243,-0.04361109841618378,-0.032108466238052934,-0.02636903878223745,-0.011974650337761112,0.037180829139833685,-0.020165276158909264,-0.011745882625446024,-0.011726829373287471,-0.06619707388336721,-0.01163605684839695,-0.017823306260584974,-0.008740563859430428,-0.08017973224448674
-0.008083824885494292,-0.0037782855822121974,-0.01286339112074585,0.005680414199158121,-0.0017531502033937712,-0.003231379036782984,0.0,-0.007692360005378274,-0.005405935982052986,0.008742911451260904,-0.02091216475649668,0.003418342903221396,0.0031678566075539114,0.00034923952438532834,0.0008034328341375153,0.009422678853661177,0.001596523400432782,-0.014503475221636628,-0.006402904184770102,-0.01910583014187261,-0.00101215648277557,-0.0020489389467611896,-0.0007167442363243071,0.0015886683107947186,-0.011311008862647822,-0.019379717170443143,-0.0005782130212210242,0.013370955645182321
0.012979049961049208,0.022075208050238212,0.07844675732204215,-0.08314491871750568,0.02002101925653428,0.04434402995215827,0.010759322052290854,0.008985236398352234,0.04048832316233143,0.048374063495614184,0.009693712004000573,0.00023218531213483926,0.0062138432029500545,0.008523318284599917,0.02943535624160038,0.03933992437762992,0.019305692840328258,0.01772041377299937,0.01772151857948181,-0.009839261509312755,0.0165485937371762,0.01108812563728351,0.010439990673833836,0.07216495544772779,-0.0028016900911814325,0.007545831929717485,0.00795508179293611,0.05150973209313511
0.04410011779448228,0.04024744458832535,0.0911068368509706,-0.0879743733615809,0.06473822512397936,0.04212863776481061,0.023114374783423597,0.01850885280251436,0.04546164346028392,0.027063206956662006,0.0161093184332943,0.018113007269444616,0.021562993855841598,0.023344363450590155,0.04341025867201809,0.02902955597218094,0.02033018882406676,0.02774096442092945,0.020578923098622196,-0.04542700285799909,0.04385379596244954,0.019699344816357312,0.022951283167042442,0.05103533741636189,0.043315364077149095,0.017118365932830528,0.02138008063830714,0.039575663453453785
0.029394986244524867,0.01518335182216446,0.03964555749078371,-0.0413402686846986,0.04624833509136525,0.02755314893617021,0.016052501241485155,0.012172106560188294,0.0202033522199511,0.01933269989530085,0.0206581174057661,0.009351419370066677,0.014369236415562698,0.014756467368652328,0.016193517072985573,0.012313332134760348,0.01754086451497642,0.0223976510687125,0.011743828678399465,-0.037178637783767614,0.03580526781904698,0.01526927428194184,0.015497515812920325,0.022167493180029668,0.01615784170858764,0.016830312395685713,0.015594256180321897,0.02623009754250152
-0.038536122764819665,-0.04865302599226536,-0.10034084150704824,0.10315668871445537,-0.02318388826308622,-0.039548598801060056,-0.008777123292277773,-0.0008468665168213613,-0.050289318197958816,-0.014916390711108387,0.005570004815733716,0.009039005572929856,-0.01504498610144043,-0.008938511922142617,-0.05123812868926352,-0.01755217466213719,-0.025271970806660483,0.0025277302389407827,-0.010074441524310038,0.027140375921301054,-0.01812889846559589,-0.008565977302417186,-0.008276133021459381,-0.041824388894899985,0.02606011358221956,0.002586180819258977,-0.007054772922503096,-0.016964490093553636
-0.027104969050586708,-0.03864003707350087,-0.08051143736680078,0.08610117537350305,-0.059177139662628574,-0.04042255170063226,-0.02508877449000364,-0.01983390337908442,-0.041965456789428264,-0.03206577476315163,-0.017709421172704732,-0.021200757896580085,-0.020729989553856375,-0.020529117869467085,-0.04366921513578033,-0.01974604119924734,-0.02386676888476293,-0.031937276505199175,-0.026548694102905,0.03587535384980333,-0.041464577610145686,-0.022028623679115112,-0.02158910769157775,-0.04131489394790959,-0.02346097767871587,-0.02940671605236256,-0.023962381576301112,-0.03681550225611035
-0.007646736203654378,-0.026401333520046512,-0.060005199072614014,0.05104693551521937,-0.032627052142660366,-0.024938149571045246,-0.005184721672798013,-0.0022483742649602213,-0.028591479316136814,-0.015997780598428313,-0.002859190318638146,-0.0012200762447944322,-0.01843414560207253,-0.01291911550357613,-0.03161313462994585,-0.01833690011561813,-0.011961359219192013,-0.004774874429682155,-0.014545431818181888,-0.0022812735057881764,-0.019098789234156702,-0.010114173422012365,-0.012910924597609955,-0.02710254759957,-0.0003921275118768987,0.002460685217646098,-0.00671922053254429,-0.020652215754080373
0.019891231146378942,0.05625822143796204,0.1060273698630137,-0.1096687989615606,0.11856754087351384,0.056221161651342375,0.040305233798018834,0.025481037016485242,0.05571243376767412,0.05282340092846256,0.013361990180879984,0.04152558093350387,0.05883610675012605,0.043367147203125116,0.05691976922257987,0.046872446670011655,0.04664409335000723,0.039546316834759086,0.04059035884247335,-0.06277267201751062,0.07356797972489014,0.035858109079502584,0.04438219598989868,0.07575175859119093,0.05560468199771061,0.015564288826808596,0.04111957556442634,0.03689219175600962
0.040178098993932605,0.03918006063833701,0.06440431172663649,-0.06510821100290709,0.05812883237161485,0.02225131980802781,0.02113289787132171,0.020283992562542263,0.031893341273157766,0.02164229146897983,0.010225088913932676,0.02723117916553857,0.012491620509352186,0.020485968867520958,0.038278909329776636,0.021060689088135204,0.02081679092805882,0.02363638423997591,0.02659576743341684,-0.03947654998941759,0.04047131113193495,0.019150871394393032,0.02094306959732323,0.031893871870039545,0.02654684661664388,0.021943505603641885,0.021202810453498432,0.0223845069472664
0.00985366005268593,0.002765425508752591,0.009541540387676429,-0.011293239450585966,0.020563887125001627,-0.0006401728484829577,0.006611287574575797,0.0011596918296936875,0.005163620236675147,0.012603120339232594,0.005995078385145685,0.0028583513142586238,0.004468479720088984,0.005313892337862517,-0.0055938645134493035,0.011764886105218048,0.012893676156039369,0.012023438419003545,-0.003670077720207246,-0.015239018186937528,0.016989555945769296,0.007877911037521905,0.007011770558259764,-0.0079874576603138,0.0010180163128072992,0.005623864579946718,0.0052925470138700395,0.01935951278283761
0.015054349577046856,0.028222118879318376,0.06154905344515783,-0.06255091724618804,0.03626936541797236,0.025090731364905763,0.01170735829198802,0.012907479728611677,0.030712173560052562,0.014630846484857253,0.02553969719531731,0.002422359903269703,0.010444934672666238,0.013051361379896737,0.018920892353714597,0.011627789486330078,0.01140679076533833,-0.0029701279536030463,0.022318482239719058,-0.026260322354278914,0.021541557271611715,0.015248688645306369,0.012592527206116163,0.03798349455979525,0.005492403930834223,0.015929482391230237,0.012283918487742832,0.023965490485617302
0.02883816811291108,0.0312918758839325,0.061672096887559175,-0.06266328932766435,0.008611074032968404,0.044266221346396815,0.006209529666363753,0.005391308697783074,0.03040247029406638,0.015529233012829862,-0.03011096781704152,0.022815949133743317,0.007465543047647234,0.005410859237463322,0.033877122239940965,0.011195611836972272,0.011278212180210951,0.010020318470433049,0.037727829588808895,-0.004574996807593018,0.011906523937972192,0.007762296775482466,0.006291124489902116,0.046711757398256434,0.013959041123604,-0.01718109937292437,0.002800360771147912,0.015014471462807669
0.02616122345056968,0.02080633637113277,0.05604422286856657,-0.0538532407723156,-0.00027528299759843643,0.019449401167975205,0.0019637254901096555,0.0038998699398786157,0.027121135331772742,0.0034052625957394426,-0.009648307287155156,0.005212120172153084,-0.003895176082320894,6.42068618648999e-05,0.042961305409485714,0.005757694033458264,-0.006465097717731775,-0.0009385236940754854,-0.003472181443467896,-0.0014514935849054714,-0.0028352795912628343,0.005698534190916135,0.0012357491323598405,0.034154989106524404,0.01855541676913165,-0.02138486372619821,0.0006649104591647545,0.022623296547559246
-0.00988546225180703,-0.016645463543726837,-0.034088746192354316,0.03205749396855387,-0.0184573044841906,-0.03404751036148626,-0.007278868278934586,-0.0012948850970359554,-0.016044962335481715,-0.00761973212003553,-0.007856597258075644,0.0017976410984296073,-0.0060084640295876785,-0.007495876567712462,-0.025133917721085672,-0.026420206753216102,-0.0069952428381888435,-0.01972610288314116,-0.004919081678231508,0.01841103669404188,-0.015069755845961753,0.0004355891677762575,-0.006969813073403661,-0.026016442453293424,0.011361523162319823,-0.028962911680907807,-0.0062460468935518825,0.0038289821378495147
-0.0157646408667521,-0.004577335036706069,-0.013835953756485943,0.012678318191014388,-0.016839661494914976,-0.006583621799343034,-0.006204186058254689,-0.006483014481636728,-0.007554964375045162,-0.00477495179037757,-0.011244951682688359,-0.0037956448617622006,-0.007771959502764042,-0.006067394674388292,-0.01336822619139492,-0.004522927028924889,0.0008189253690738198,-0.004380583161128021,-0.008856848792108105,0.007373763210548927,-0.011691637157511687,-0.0070328505713984244,-0.0065806019714974425,-0.010716707866461624,-0.003292714550560072,-0.01410960343748916,-0.005616227479726474,-0.008476357275508556
-0.03203418044746878,8.681238532507638e-05,-0.03782025213501422,0.03035988478222335,-0.0545248549875326,-0.005301835128429138,-0.015607355139600794,-0.015497569583973409,-0.017808608081120017,-0.028267589607739008,-0.022985727130761118,-0.007412184348854232,-0.01837348133807799,-0.01584637477331589,-0.008710456310706256,-0.01726484324039605,-0.029464583607970836,0.00027491886290119063,-0.01101411078582933,0.03612752179847627,-0.031546759743095974,-0.02005772588160613,-0.015308657608025047,-0.012126180119287469,-0.0023319082935245672,-0.01775372962960486,-0.017348236269477332,-0.03740091669500165
0.004633288327938997,-0.013620272611891858,-0.03191037616229925,0.0334144169470926,-0.01871972629565503,-0.014555135599736174,-0.004324071130491709,0.008616421163758789,-0.01588693918450921,-0.012877145579853646,0.013935771052974595,0.004536384330519691,-0.003054091542611002,-0.004882800178189534,-0.014888992087461712,-0.01787651534721053,-0.007589788794295872,0.020481085366090813,0.01765076696785031,0.0045579329717976005,-0.010707221142159822,-0.005436605324565636,-0.004709024041722717,-0.015548187252066168,0.016945861131806537,0.02360758484593953,-0.005747659391579639,-0.015097807509063862
0.025584706211646,-0.004925199982629324,-0.013315869606726257,0.0076424563241667895,-0.04646153847110215,0.019970865612345075,-0.01302824660795664,-0.017742697843645492,-0.007056097515619062,-0.003379112868404512,-0.011399561127765287,-0.028067228693310516,-0.014525547504017963,-0.01445654838709216,0.0012388245362575892,0.003609121102861961,-0.015975601223982644,-0.010641206343283869,-0.007846396861449516,0.013384658846094258,-0.021951154946262524,-0.01877953796620309,-0.014043293284830196,0.018287604638855176,-0.031028557831583845,-0.016936916012915575,-0.01569182381353069,-0.005410338146019301
0.04336179090757605,0.033851916052457284,0.0913717015183252,-0.09043160280514348,0.034849935630470126,0.012441372882752972,0.01056032532549716,0.010871349542208631,0.046656971356535716,0.039945261952396005,0.006460477174279664,0.020085870445084548,0.009124614425363971,0.015408651945443675,0.04924527127722175,-0.009068134672972905,0.013816846403065313,0.02178354305320521,0.05577525610354325,-0.008282915160120781,0.018547376267460967,0.014878364789507518,0.01561424460995187,0.05648983677000345,0.019371464163871043,0.0031157277916628924,0.008390530983385533,0.048957345272654544
0.03335049228658557,0.013678672785220444,0.04520573504132433,-0.043617762980267226,0.04084819601232515,0.026188537733567045,0.018956140969978226,0.010258140474158505,0.02245999988601937,0.01878197362830293,0.009425629352982771,0.01997047677086217,0.017090618258041243,0.013915477599275312,0.02356466793040611,0.016964895741562038,0.011243738927698966,0.013591012469231604,0.05677116104868914,-0.03363423678323203,0.033052893455496134,0.01835413012927152,0.010649575717803979,0.05350858552550093,0.01307488462971446,0.004096595430136887,0.017786179119917853,0.014938337043307525
-0.011171787989057543,-0.028337611002148762,-0.06012416485406965,0.06036221117838405,-0.04463762282753757,-0.021299549115613017,-0.015151540009584168,-0.0034392891673879987,-0.0292442113279615,-0.04340048647653173,-0.0016905425521863018,-0.0011678771927763106,-0.015826574742635987,-0.018299539414646626,-0.03274138987132173,-0.04211355929604545,-0.03200802067303422,-0.02734333542697396,-0.01753409778895541,0.02522782076998436,-0.025078139995897742,-0.011874310248527154,-0.010167845379207122,-0.02714979403940254,-0.00670097687827111,0.003278078203174257,-0.013678109944138057,-0.05798358417895168
-0.03640473512461954,-0.018140823370516132,-0.03590586124444616,0.030044232602113908,-0.007525796992335739,-0.0289840440174912,-0.003483098354359755,-0.011175020909614487,-0.01823400462769149,0.0012887166229534224,-0.01669408742321541,-0.0005891313323201122,-0.004069862045930768,-0.00010731514254708675,-0.014779470929435984,-0.007462617687589298,-0.009745933738549104,-0.002838214065243449,-0.02069481756957726,0.002506150775110529,-0.015651035995977378,-0.0061691950357062025,-0.00466552202097846,-0.03228256868052775,0.0005781286289896395,-0.013251082827034948,-0.0033283660052272944,-0.002036456101089647
-0.07972906645936463,-0.06471007775976541,-0.12692636714626795,0.13202323810050615,-0.09447084848292753,-0.07384839909109704,-0.03349862554692181,-0.030081387072673705,-0.06342830999284221,-0.04346071299316572,-0.014932847881512853,-0.02810871796787266,-0.03099756052582113,-0.03372963623538764,-0.06581180597889502,-0.03694019958181708,-0.027997590768656898,-0.03510435040843074,-0.04633584543094822,0.061363673011818484,-0.0640629757341541,-0.0336244091431598,-0.03402147140975256,-0.07155103341893028,-0.027162353863136986,-0.014532657005094003,-0.03130630179678514,-0.04331076563165052
0.0005663550231231857,0.009829869800734052,0.012257906049082959,-0.013832343493426982,0.0013957890882008064,0.008364001524791253,0.0018086334257420035,0.0027415866562443387,0.006351549866995265,0.003850432752742092,0.022155734265549367,0.002693558500739397,-0.0007201667290405508,0.002419532074429801,0.005956901431534701,-0.003394266728686641,-0.0001813986972227032,-0.00842813011988746,-0.008944887354033088,0.002355524755605641,0.002144191701417618,0.005955263308518175,0.0021914809451322893,0.002854389433178125,-0.002178198860070292,0.004853413792478216,0.0012925515796750285,0.002844448999269257
-0.04046409208741652,-0.02424183928029544,-0.05231290742763597,0.052805255560281365,-0.08327522865320874,-0.03074539992801154,-0.03249122789835013,-0.04442928913192077,-0.02718758378173741,-0.035497497489750424,-0.053536696358815736,-0.04227625329732663,-0.0274832075985857,-0.026479287438796188,-0.03192592205511723,-0.02826982363025058,-0.0481031191080899,-0.05411536771547722,-0.07589745641025641,0.0499892976396196,-0.04921013035797879,-0.038446417704148084,-0.032018744311970285,-0.04838431877011145,-0.05100218233282478,-0.07542253959489044,-0.02768612122338636,-0.04325231759959603
-0.06458282553961676,-0.02753000244778667,-0.06874525763492824,0.06504714284537336,-0.05473200011533702,-0.026814217558354825,-0.019278472623688342,-0.01484259709737465,-0.0337439854758663,-0.04511944401917107,-0.0137750512531139,-0.010408408915995723,-0.01989838899409639,-0.01841624026055734,-0.02473398642772072,-0.04346307404166468,-0.024027489614106563,-0.038490297699530315,-0.020865660840525282,0.03601211010209048,-0.0394667816726301,-0.013281643727449484,-0.01952406330759372,-0.03465877870997264,-0.015474696082206052,-0.029937757667082125,-0.019179652454252287,-0.07509885205908008
0.18474160234337691,0.11826799172001118,0.29692643515165856,-0.2592592821425844,0.18013661801683406,0.17000820529946994,0.0668991330530685,0.038664022508622255,0.14421901778565768,0.12176277649355102,0.041903053563059935,0.006415153441828899,0.050647829654758315,0.06234681090173206,0.17480244450396693,0.08318055915620189,0.06193822421549354,0.1012461543847731,0.1267286300900334,-0.11626083897745768,0.1317353881517978,0.03925995831304944,0.06632106232145199,0.2066700967792585,0.03419698052316902,0.0321043565303313,0.060318768954871815,0.11244675527933176
-0.005854148330506514,-0.012878218405876456,-0.02264069075923369,0.01953649217074634,-0.03236794131536621,-0.0014029361518896374,-0.007726898833022321,0.01415585434890141,-0.011388751455872878,-0.02187129682231776,0.03787173296130945,0.004965856965608778,-0.017576232336683442,-0.008015337354931953,0.0009283635191066887,-0.01708382322259261,-0.02870280361133992,0.02376231325618121,0.012877243201665188,-0.007999896555082991,-0.024999969580880427,-0.003845275157033576,-0.007562216930116799,-0.003473425225867941,0.02608349771519626,0.040537831069043684,-0.011207131372122136,-0.018967613431070292
0.004282663777691833,-8.926619025789056e-05,-0.0021649491700572853,-0.000649648081654867,-0.0130282064867578,-0.002007074721383392,-0.0011974745128461345,0.009477908141959538,-0.0009131595440963312,-0.0007589393349471335,0.020263243622011387,-0.008407837735003513,-0.00596372132363956,-0.003218142543685692,0.0030149271792252485,-0.010497330107151724,-0.006440616101262059,0.01505954671619984,0.0065553833929280145,0.02889781610171185,-0.0053894960853344154,-0.0008125366854310629,-0.0009330959667021645,0.0063652951080068855,0.004003186063360733,0.008293166202360092,-0.003156425062278214,-0.004405317479735105
-0.06215361110619803,-0.04101889955782172,-0.09785198524625738,0.10334744013168264,-0.04637888051738589,-0.06405223923737276,-0.020689875048836102,-0.02714236848267781,-0.04921612650374653,-0.043718299345143055,0.0053014090391321,-0.030048128106652118,-0.014208833369593709,-0.018273054296504315,-0.07884400581650496,-0.035826068593431216,-0.019065832159250225,-0.034708056497103325,-0.04637849008796092,0.03875464418439648,-0.0366175329098171,-0.01843459575498993,-0.020624241971441082,-0.06912648367312417,-0.03349282633626253,-0.00822495528120607,-0.015400040203895144,-0.04326451617354333
-0.006195111404607563,0.002422904031614618,-0.009379581078423231,0.003240104944818838,0.01833134564152796,-0.0003222926445574147,0.007960703952272373,0.017722371724078954,-0.002920911649374597,0.003105245571938356,0.004092930696982709,0.027528297917505374,0.00822122442645269,0.006507457583083971,0.016315239005144228,0.0021645212263651605,0.01185621563365532,0.042301079782870135,0.0177980132450331,-0.0138336189349399,0.017215046130257136,0.011116577536816538,0.008979663019439463,0.0014560554313852855,0.03981024470955753,0.022179436796565862,0.006431753843471471,-0.003853960738542469
0.03259929978574545,0.013665534993951713,0.023306701221332885,-0.018203288823875063,0.04592227630066626,0.015368081181039753,0.010631954902244029,0.006034448275862058,0.01019759771696085,0.02447989658654815,-0.00611431306715003,-0.0002980021054917462,0.013343016032688313,0.016546171863747534,0.018029269358791827,0.018898474948385428,0.011140936130218295,-0.0010822836969507658,0.000406689711264754,-0.02614235612556871,0.03183642579462551,0.0035509120125630854,0.008821024812130627,0.0008076894372735473,-0.001983745246392763,-0.0020755507142958345,0.010602709347539565,0.02837230802432102
-0.02907792509960588,0.0019258729363491054,-0.00260975076584822,-0.006279837862454258,-0.0066737203942137955,-0.004762954971540303,0.00231075252633288,-0.0020565210644909104,-0.0003670226684344839,0.002459493039357266,0.0029969647069350387,-0.00276225711570644,-0.006792572133557216,-0.004923968354838352,-0.015068122526281357,0.001891631355402816,0.0009497581826875623,-0.0002847393447625161,0.0018292682555026024,0.00785681647847164,-0.007469977414680309,0.0024181545324953643,0.002589308391661249,-0.006490811648132626,-0.0014044182750559625,0.007621057037403504,0.0026605879357200976,0.005842593898775957
-0.034398111908626336,-0.012415910117430332,-0.05066605493182553,0.052964274813641264,-0.02510609706743114,-0.03349996845155768,-0.010231666169616177,-0.015971166065601877,-0.025149956849562758,-0.006191681819978511,-0.014050811623628192,-0.00048290076196313205,0.005345279675608559,-0.005913721977887035,-0.04125500541434924,-0.008493982151423362,-0.003416076301926161,-0.010162557145836216,-0.026171657006052743,0.0058466924192577705,-0.01619767042791776,-0.008291631880039112,-0.008835089447197625,-0.03803017629335029,-0.00955989124946181,-0.014835607133776397,-0.007485954065058806,-0.022994014581571427
0.0769775952837062,0.05605653485765411,0.11400648960160377,-0.10603036624995436,0.090315516256527,0.06822188825556398,0.031012527369834137,0.024781885249247626,0.056070574785996564,0.03556776684430182,0.020753414387804845,0.0223057312803916,0.02868601264544485,0.02893197908152315,0.0631279964491828,0.03694445360679146,0.02739681835151861,0.02026003635639243,0.010416666666666666,-0.052744912639767626,0.05737577263010407,0.030907392479183074,0.029817870163105564,0.07028192751890383,0.012668392895335438,0.031071329991851013,0.0291556446576055,0.04374506574128032
0.005375671590386957,0.0017605786953513527,-0.003598740521789119,-0.0015984208418977769,-0.00365932338760072,-0.011124865860633102,0.003833712420943561,0.016178422749004998,-0.0008919213708775901,-0.01017397827073114,0.02385051188101692,0.03048783463284518,-0.0028706566698065857,0.0011465860004436302,-0.0036353748488866734,-0.020309747697641874,-0.015427373031650175,-0.0009392525782217812,0.03670101030927828,-0.0072727165585846736,0.005033089748288536,0.005451182679241555,0.0035234574186157634,0.02604601283980092,0.03474972553523918,0.037899830941827764,-0.00042277303980293936,-0.027450904332046097
-0.03317327778895707,-0.02003520971221573,-0.04717833063607962,0.04546922241844181,-0.044407371173343466,-0.022500041666666675,-0.016157383353868918,-0.012233937061636896,-0.02353497891691554,-0.031595090796579614,-0.007332202475366202,-0.012190684994221157,-0.012646602938368036,-0.015289503923944969,-0.033811743141355016,-0.029163708099057287,-0.02001154473840882,-0.02699432845737795,-0.019490851620740823,0.027014642122667708,-0.03615034205374237,-0.01414879571000613,-0.015189494841665015,-0.028461609288883263,-0.02302819911433505,-0.008193780226715998,-0.015228616744841475,-0.03301429324286609
0.010722501397822704,0.0075323615735785705,0.0059227672571136505,-0.005819391362987811,-0.007686845295889601,0.003090377369581343,-0.0002987091517329372,0.0022056498507914807,0.002413981938265027,-0.007835867423268444,-7.696684004486351e-05,0.014217613536450556,0.0015620266205759856,-0.0003418587947509785,0.009063570630322195,-0.003981150296172348,-0.008090816002145841,0.0077295094215780406,0.009533489037190515,0.010477092139282334,0.002110819466730244,0.0032191666656773733,-0.0014727663703109567,0.004275347910247509,0.010017701841342992,-0.005028867104924207,-0.0012886106852280149,-0.008861004420441248
0.013400187965888613,0.03284082363169598,0.06264719883766356,-0.06500314258625298,0.07499993597583357,0.03558914380927892,0.02389486594399113,0.023023531403419662,0.03272764959291635,0.04688412740039222,0.010234046726384808,0.022059252487891437,0.02100223535485202,0.02463210517129501,0.03992013447304365,0.05414237750847973,0.025247646361085643,0.029721931890165518,0.030138637733574437,-0.050738965499956684,0.04812063488495152,0.02620494571597885,0.025149227997230083,0.0403659570956686,0.018280863733366067,0.014801589264073803,0.023942683646858115,0.05758611850381588
0.046225959319260566,0.005084006240242602,0.009530142055189313,-0.01120256880532928,0.01801504491899382,0.010771398929891369,0.006417850910799227,0.005460830713221965,0.004663460268157496,0.0198201978907912,0.001446967867321708,0.005778637714180367,0.008248618244398894,0.00520878840685275,0.008397151582346777,0.011030654866859358,0.011176256752027578,0.01157227973616795,0.019504583577140626,-0.021148111399333692,0.00927508895444818,0.006579300354115289,0.005981659270620343,0.011670212897191787,0.012223049205473542,0.0008892714907320768,0.0061608470573693295,0.014172171027505115
0.011111682078056578,0.02409122427579952,0.07069157125557793,-0.06731103367792819,0.07303730188180485,0.03755205559273367,0.025507246953377742,0.02040819685346265,0.035095174192794384,0.03032955311574792,0.005400331781792007,0.024435983615696998,0.022421985863567168,0.02398171677346012,0.03402335069252635,0.036822329616927066,0.03503179439996919,0.02945422319097608,0.02774059690070787,-0.04724589918218783,0.046254817667983984,0.024592383896669418,0.02596737530019138,0.04044922565337385,0.03207545076194245,0.012440061678565949,0.02504871175475247,0.03383167748250213
-0.020833429791625082,-0.007953062999660691,-0.03014150092269845,0.028939022617991233,0.04647689344947087,-0.02220487071686773,0.013566810963011305,0.00951612903225812,-0.015118228722440938,0.0013705573594331335,0.025341995117488133,0.01486580617650019,0.010866342915195176,0.015440576917670853,-0.024620325971442533,0.002630841825209441,0.013574799843125386,-0.0028100886825582387,-0.011355174770008036,-0.0037379219862392686,0.03586619443495772,0.01193779394108032,0.013131752019388944,-0.03182137165035154,0.008043903141955232,0.03071793188956368,0.015204797695423957,0.0018971399250940265
0.06542563097142627,0.03670878851875863,0.08668082635688852,-0.0822917173595518,0.04469904568914609,0.0622249005824821,0.016174020453550417,0.009106886084038876,0.04342888783173597,0.009711873852908686,0.012321273813275257,0.006724794431084494,0.01368125371430774,0.01482246302002252,0.035621691086279265,-0.0106592720351343,0.004107108451187357,0.010119203048296513,0.030314441153936462,-0.047773903579794386,0.030101627043238783,0.009238053281383295,0.01593067010030093,0.06112462440508262,0.0074354989129397815,0.011239770463400828,0.013640183095429116,0.0
0.014977487014180169,-0.004639816763275301,-0.012062314705746587,0.009080619014483043,0.0038398237812573453,0.0048973158786964534,0.0002746127999467208,-0.0074414344521848705,-0.0062481702832687495,-0.008585327771325453,-0.012753982570098788,0.0020503059640461364,0.0006748631387627577,0.001699805836438819,-0.00022787382625563695,-0.0021548536178752106,-0.008180618216163305,-0.00963740872693758,-0.015533661996826416,0.03178360734273765,0.0010975332668433817,-0.001299049465977456,-0.00042782362987814836,0.0021019968061272067,-0.008640813479318166,-0.02408220604922829,0.0023745792924623637,-0.015384615015193585
0.014264701597934066,-0.02355242076145865,-0.03741626698338448,0.03562057271731883,-0.024316986833293225,-0.012089906619210078,-0.00960233381900362,0.0009571064118217604,-0.017697893657724045,-0.012436571938232091,-0.0042818055072715855,0.0009240841136745607,-0.001541563928358771,-0.0072905907213046935,-0.025518239357499268,-0.01810623152421476,-0.0007173412511581122,0.009859263353491365,0.0066827734672873645,-0.03284110189834659,-0.012607939770536371,-0.005944938073611311,-0.005775864723449102,-0.006713213766632893,0.016342916146030857,-0.0010354594683315607,-0.010792096946807756,-0.011298002359111688
-0.02667314943662013,-0.013400383317336551,-0.032324099175038895,0.028964511438237545,-0.026883275045271892,-0.015937775697266874,-0.009897139350100942,-0.014342661354581685,-0.017678025263069257,-0.011472250754775985,-0.02016618240409749,-0.002967452748579075,-0.0092627839842756,-0.016017702513107544,-0.02304923865170124,-0.00937073786791616,-0.010048522769589356,-0.002535959342791293,-0.018255541213350542,0.040010393065702386,-0.024566267411345828,-0.009124843056974835,-0.0147024257195123,-0.032114162080468696,-0.00410929753890375,-0.01551836172768361,-0.007991932438997203,-0.0015429508423649779
0.03039362016627369,0.01061122705147965,0.020295962374121897,-0.0214637821057009,-0.008057320766429097,0.015135447359429918,0.002526508793297313,0.009215845083778342,0.012113837108001064,0.00914630215048118,0.014997914420785916,0.002294369246346396,0.0010713236933785225,0.004659624129636412,0.01341965385140851,0.004101153371394355,-0.0005438286698706232,0.016778951723342938,0.008264424933718125,-0.01189570614035913,-0.0017072743328580306,0.006607896112526746,0.006445089419953142,0.009021932022699134,0.009328915544582171,0.020185969503753468,0.0009423309455839552,0.01924943246549361
-0.02321082930443749,-0.005291901503175465,-0.019892230414099963,0.01833874403919884,0.0008701668456204726,-0.024216552016622483,-0.00027981583863862566,-0.0011214354732917528,-0.009377148760714677,0.009672604015100169,-0.0003731682444300725,-0.006009769324307901,-0.00048653401549205615,-0.0005137749982682078,-0.019862772701138173,0.01633769698293125,-0.009974403209650429,-0.015376833557152697,-0.0290611214605067,0.016649603542683945,0.0021375742451724663,0.0005002458307087101,-0.0021766290749708197,-0.029131790630475163,-0.011197905946010191,-0.011011573634594088,0.0006723171789075925,0.020798425780772473
-0.0034654175927728184,0.004475531423333835,0.001479915464691665,-0.0010593209032185348,-0.014492885170904612,0.01304132360097323,-0.004201866411914366,-0.004490745933945324,0.00024096209706753896,-0.008792621235325445,-0.00022386473361246773,-0.007707106437799987,-0.00408801552985441,-0.0033412972039766594,0.02316037140563113,0.003348988696424431,0.004994650135739322,-0.0057136367032875075,-0.000191826557786447,-0.005794997720776611,-0.005831306190908075,-0.00693618565626,-0.0041448241020925255,0.01708273923706489,-0.01509980677762661,0.0017396825998535314,-0.005778869221675268,-0.01147545689591728
-0.01390946309336902,-0.009751941013574416,-0.023221427553756058,0.02085535617307196,-0.014411675207167412,-0.012489144489927693,-0.002531600556087733,-0.004672160463992327,-0.010667903183785323,-0.018138335371532463,0.008581927224573727,0.015533941295690575,-0.0035183300002806428,-0.0024501024575187763,-0.02522991142128741,-0.013518075287146613,-0.017647175912281158,0.010982003507850592,0.0038380348524653224,-0.0027875312706521524,-0.009727908203788093,-0.0011958427991639008,-0.0032128953019930377,-0.007156308492029456,0.02865486703374912,-0.0010420491804623462,-0.004055195610364314,-0.017057504765978584
0.03224166952554329,0.035656661363768105,0.07088824292197961,-0.0664819628569293,0.07221730908842765,0.04494603516931571,0.024534512627623045,0.02913569163379242,0.035305473653649125,0.0333737313340906,0.016868647846263587,0.04002114077130591,0.02814832246311441,0.02507757820038964,0.042573807873064994,0.026053091858635632,0.03293428625057534,0.032967059895720685,0.05142418177357711,-0.02719185673475076,0.0495521318227178,0.033516322825014634,0.02651823135104961,0.050897108688160365,0.0353086989976596,0.018602228271674504,0.024701559563733468,0.03784061144356117
-0.014641143073001604,-0.0019673385097554856,-0.01150351183659969,0.009643857110806744,0.019203988410806287,0.0040963968309692895,0.005505147135162728,0.00644856852945674,-0.005946661942271183,-0.017094147140324964,0.022482500216407384,0.00348666065556373,0.013164207049435932,0.0054855926616705275,-0.008120642321194286,-0.011211747322413734,0.015398567284898641,-0.00012230810284228618,-0.012363636363636358,-0.01332275647086574,0.007432847081203895,0.009752971932937438,0.0049953819865082814,-0.018056972923455667,-0.0015425207125062438,0.022358711354115605,0.006225127887568754,-0.014862953670514469
0.009410477183606837,-0.02513342195196026,-0.0222540016333196,0.020573260698540784,-0.028126615699511918,-0.00936487731784659,-0.007664816097174661,-0.005469651337094721,-0.010139509280934676,0.00736814967864913,0.0033447650951211124,-0.009160477100455757,-0.0021655335678391965,-0.01028412448468135,0.007953144654768245,0.009838268802523416,0.02016053893389451,0.012596364879451255,0.006075147275405013,0.01085511091679267,-0.016805727832561596,-0.005372673093196665,-0.008308073769093835,-0.0017107236860544914,-0.01699269469993052,0.016527556559713295,-0.0090825458358599,0.006364669440203187
0.01373893796332738,-0.0058978314838230295,-0.016496158206225974,0.012239019207127385,-0.011801263479372269,-0.002807890408382228,-0.003586362116408121,-0.0020427561603198648,-0.008263147802560164,-0.020822286042434367,-0.01141865777227423,0.0005739812744410517,0.000849162185145778,-0.004688648843422029,0.0,-0.030878520422437675,-0.006121039748158035,-0.015459004880004816,-0.023055863749099174,0.0073335427152212375,-0.01139506913533112,-0.0051590700489459905,-0.004296015428700822,-0.012708944126928108,-0.00960359420322532,-0.011331822150815357,-0.0033208604392404146,-0.0353711433838269
-0.004356190671937226,-0.004322297985494992,-0.014225011219745691,0.015647124998486056,0.03326698316983333,-0.01098177200129749,0.010520683856212987,0.016217966185418563,-0.0076777676559290345,0.012045767778269871,0.011621890606511724,0.0233225322792834,0.005845278948839849,0.01024886103603338,-0.014852564252371078,-0.0008519103717505781,0.004399129591558224,0.006378895517492217,0.031279303826171584,0.0,0.02235023993345213,0.01439812130918085,0.01143390162469362,-0.006074455449963827,0.019922402570558467,0.00531555309566234,0.011462025934470536,0.013841677852547194
0.027710302533817812,0.02885597414761612,0.050613805729054426,-0.053571373761826316,0.05971378357323695,0.033216284524543484,0.021643836907574918,0.020452432283042467,0.02626463407530773,0.014761562225903163,0.015530998526251512,0.023724867779467626,0.022494958771888552,0.019911801003030968,0.02261478050554396,0.018929038648084408,0.018745608072453745,0.03364214125663828,0.027606265390369332,-0.06578257873218976,0.03808618615957946,0.023876870473276773,0.021614100063871364,0.03463326105437922,0.0314606731384999,0.0194976760573508,0.0201607735195754,0.013892338944696509
-4.7380797809402225e-05,-0.0055432272968213405,-0.012915067915437964,0.014798405883934315,0.005453260131102953,-0.007715660667337296,0.0018772194288473039,-0.004706923706241564,-0.005679688175659275,-0.005045540528617568,0.00830993362442225,-0.004562001542776826,-0.00962503812782016,0.0032744980315683138,0.0011518238959607728,0.0010041904191786491,-0.007394584589113806,0.0009432647025103466,0.003711541049432912,0.014750878208939291,0.00648993615973801,-0.00634387407198505,0.0009046570409685577,0.0035161885710074466,-0.010390439410854985,0.009238303172368591,0.0012916081389311904,-0.011103219342005866
-0.0008987619480817059,0.0004160421558001272,-0.009553540620829058,0.006197537992236233,0.014979288215029718,0.008886411264337753,0.0016057728052397988,0.002593409492292358,-0.0046921751371737505,-0.0030952068527824897,0.008172468779202916,0.005194132057446075,0.008330268846259748,0.005419078431290982,-0.005982491616438997,-0.011034928332117307,0.00034636221915774936,-0.004359003493150235,-0.012150079025355138,-0.023587494821482792,0.009869825334671215,0.0009458281349601508,0.0056318785833268615,0.0035037697527557656,0.00948346290566813,0.003372299879498017,0.0021929027973646388,-0.014333700580303263
0.09375007035541454,0.07908508050481826,0.19920319142803924,-0.17391307839786999,0.11272279344341375,0.0889072591780395,0.043901247074879315,0.03545346872408002,0.09568556405018558,0.05509654985052796,0.024249576874519133,0.020060835955131404,0.022764859452668856,0.03711640205526095,0.09313065310067913,0.08010361518120476,0.0405266949754845,0.04531999122581438,0.105169379863436,-0.08398864575860455,0.07649204998036772,0.04233057950442341,0.03996403806717435,0.12337504897117535,0.023270905169871983,0.028099152469264102,0.039896429808990684,0.06666772656875318
-0.031039079899548374,-0.031827942905797664,-0.06627027568229192,0.06403514047896676,-0.04619259074528423,-0.03909672227839571,-0.016187017535035948,-0.01748717042672293,-0.03323566661641838,-0.028676711260970583,-0.0035548026172482717,-0.007091745048422703,-0.009675386445836952,-0.01813029094459432,-0.028091134183290963,-0.0149090500744516,-0.016977448534742885,-0.004980696333449467,-0.0003225806451613408,0.0,-0.031594172686681486,-0.012987933716115663,-0.020211365322228482,-0.03897392192011767,0.0060665784146813045,0.0031148191481814346,-0.015285294711132475,-0.020264041752954168
-0.00817578305323207,0.0024676948696451683,0.014981254120552274,-0.01566365484919886,-0.002397450804935184,0.011048772263690176,0.00026124814272905254,0.0008973526638145822,0.008233600223720754,0.0033201323183086385,-0.0012193281802597962,0.0017042104392202262,-0.00612708828072665,0.0027590212919655203,0.0137946069392756,-0.001274434203783016,-0.01760921665732491,-0.005688223286595921,0.005808325266215014,0.04262496034514003,-0.0023750813174404487,-0.002930345749001861,0.004321361241517137,0.013993234925124129,0.002933475163142744,-0.00947060686162992,-0.00025224073529041155,0.00023250001234459552
0.010360300102562009,0.01603931596389709,0.02472324677632379,-0.025963149820830096,0.031002075863553694,0.0013876495736083586,0.009138439477398577,0.011655693713559342,0.01264159959990389,0.010856113679086244,0.007416881472126044,0.013126245812645987,0.011317569505819226,0.009983804240951041,0.004319652048488478,0.01882278981003397,0.015741912915537747,0.004919911966202848,0.01251201475777986,0.0,0.019421225474976208,0.013888712353151412,0.010236621504188937,0.010350034005690923,0.004549969692928391,0.00501572496321824,0.011486949457227509,0.016960845125397753
0.003120838430848929,0.02719602348066694,0.053294903613703634,-0.05159074592765564,0.031235416415745593,0.030053707171779995,0.011125534822149931,0.011964623868447202,0.0267691224799418,0.01214612491828191,0.006224418255126885,-0.003667891392519425,0.007733663010263251,0.011135631571288605,0.020430080193300344,0.01315171392756613,0.008869201258860204,0.004098802377960015,-0.002217981657445893,-0.02470600197565256,0.02114042708805289,0.009492594413125421,0.01033417289565958,0.02149997539681368,0.00032345471366430185,-0.00031200057170066933,0.010732509182160007,0.012565714234727457
0.0031111750406587744,-0.007227581630934483,-0.01914528205128205,0.016772391244166043,-0.03820063980705765,-0.009921802741108272,-0.013050326690106615,-0.017077885941384163,-0.009418978850659643,-0.017242448727775663,-0.024012339664922385,-0.01751665503463967,-0.013181691056829604,-0.013427629371081136,-0.012223371916468913,-0.02410764323778639,-0.01893500940842792,-0.016328385162238272,0.007303890123848895,0.0,-0.0240731131549435,-0.013626192961691477,-0.013283819912359723,-0.012752209615257457,-0.012774898779178251,-0.034321323243885225,-0.012717614937381373,-0.020983785686114736
0.00859543173817791,-0.007586922153503346,-0.0385152136891737,0.03789583321073502,-0.0171564185413645,-0.010275999999999971,-0.00881498321495395,-0.02093846278220736,-0.01938959724495424,-0.02332897452449757,-0.011653912691751374,-0.01329644067318086,-0.004757516001818243,-0.004178623288413868,-0.007894170025274006,-0.019952430839671024,-0.04463204375987828,-0.017982703937235358,-0.027900394512931827,0.0,-0.007400154956551101,-0.022034546391772863,-0.00774079941061569,-0.018936332684551308,-0.01506960315426896,-0.03651051830691154,-0.006002876466373252,-0.0460937499635652
